2432 8101
45777.33
32134.78
5193.60
28782.09
19237.23
31444.70
72576.47
73039.03
40553.71
58309.85
99884.56
8864.78
91586.99
35746.69
6521.63
16150.54
39906.48
65926.93
93645.19
22064.21
57333.63
61935.85
76632.00
37282.81
98721.19
62360.50
2406.78
80498.72
22523.85
5830.07
75007.91
8265.35
58407.48
38138.78
75082.21
68858.55
40166.25
50920.89
34935.09
25047.98
49521.20
9813.91
85998.65
48795.14
59614.60
11103.36
17897.07
90750.00
43171.51
92771.34
60436.59
759.61
38366.33
67118.24
56051.49
66268.07
92918.55
15026.79
69599.73
68903.24
91653.02
47655.81
31819.07
25436.45
70728.78
1717.57
9909.79
89762.72
14434.41
86346.80
9234.65
53140.82
96553.27
12872.48
7262.89
58325.67
44570.91
96165.56
71244.95
7260.78
76474.72
24483.66
69535.33
12573.51
10346.07
45673.10
86129.13
56081.54
55857.92
25314.90
97265.33
26974.13
98796.60
39044.72
93932.29
10686.31
38701.45
43204.00
62816.80
21976.54
72742.89
16154.13
72747.69
56847.85
41154.91
98883.03
81776.92
15745.54
4611.85
85602.10
35120.94
73814.00
20178.11
14083.56
97293.93
80883.45
85085.75
3350.38
27434.47
24334.73
73395.53
20449.22
39451.65
45473.95
46952.48
88962.33
50158.34
31247.98
23510.59
24309.44
22128.76
31879.91
1930.82
20888.12
76563.08
1839.18
14676.77
28797.95
38150.20
13708.62
89678.33
35994.99
2558.56
8790.14
75752.70
94044.49
49529.31
46997.28
30267.70
34694.56
92762.32
3628.83
37885.38
36931.39
75319.75
14216.26
64069.47
42937.00
8003.61
37472.80
35397.69
12887.33
81504.34
10845.40
82780.31
64473.70
60837.63
11382.97
60173.14
27645.58
4364.73
63167.49
64846.70
10776.90
75381.89
91294.55
2584.74
54101.60
78209.66
96971.04
73342.93
90073.88
45663.26
25335.33
60439.53
33846.89
40703.36
56057.83
81699.10
75180.23
90143.51
35768.83
55811.68
74667.38
89258.06
69108.13
18064.13
13308.68
39856.22
17798.28
97357.04
21172.28
22454.24
66936.26
45776.20
73071.18
29961.17
50639.46
70131.92
49083.62
75729.82
85185.59
20778.09
6507.72
18767.31
99198.39
85266.06
80044.16
28963.93
94581.88
43313.68
23919.60
76160.91
42566.79
19365.00
2342.44
84029.58
65560.32
41953.52
85437.81
73146.77
12343.87
91589.56
88923.02
77936.53
53373.58
33084.52
67352.28
92183.39
69899.28
59038.33
98836.89
38337.64
95669.02
12113.23
37509.17
90860.15
29847.49
78566.68
69085.81
57188.83
95005.65
6710.13
93920.90
37794.97
98151.16
34978.58
38782.69
88834.52
68484.22
32710.19
60123.41
17869.81
38475.09
14756.75
1508.30
32840.98
16805.21
72875.02
43641.99
12287.68
13763.36
27350.13
16445.40
27197.55
85116.21
73649.51
34145.98
50212.23
48413.68
48499.52
87158.25
53550.66
88047.21
13100.70
52106.94
67172.24
48225.64
65975.24
11348.34
50039.43
56572.89
24830.19
58545.73
14232.68
92006.99
6768.43
15952.08
51701.09
96573.92
52712.40
69218.79
80237.88
60318.93
99266.24
56502.23
72599.05
7468.01
45841.85
68998.55
45878.18
94959.36
9342.04
68528.26
85780.06
41223.24
57405.95
91000.08
30925.02
64397.16
61769.95
84389.51
20906.37
38063.94
2417.68
3064.59
23293.66
92584.15
44845.64
936.63
86704.23
4691.52
54343.57
73268.02
81188.85
61490.18
82629.27
13497.20
16148.01
20829.39
34180.35
58907.60
99272.39
93316.32
90513.40
31442.66
87436.65
76725.63
92294.49
26449.58
53482.70
28439.95
35754.88
13528.75
84118.38
77097.83
79322.91
70087.56
44412.62
14932.44
11814.66
51277.07
86470.48
78653.70
95380.62
97609.92
78684.11
84026.95
85335.73
47438.04
62103.76
76362.28
66358.69
24574.79
17227.84
53217.77
45823.04
91629.45
72639.76
92850.00
32131.09
64216.19
78730.14
21427.68
80667.85
68977.99
77102.80
13861.28
84944.44
6667.57
22663.77
98681.86
16936.95
54839.56
62793.11
64261.98
53299.71
47620.23
67089.17
53841.96
44406.08
10971.31
13534.64
13722.34
90967.49
57105.02
61364.59
62437.78
73921.16
27294.46
69215.63
67708.19
40572.87
63173.91
48580.40
74299.67
11657.67
56009.23
13046.97
29121.73
57238.78
70648.31
94657.25
45205.35
95976.59
15375.21
4737.27
97917.30
89044.51
35678.86
80789.96
36161.48
75331.68
30816.19
45052.34
4067.82
31880.19
66982.39
44381.91
88113.62
79676.51
33986.01
45994.83
77362.78
52713.51
7656.66
2657.72
50270.22
10615.98
64396.29
2178.21
74031.37
15928.00
53901.71
38086.92
36543.03
36521.84
97869.10
15458.49
60450.34
48442.33
49211.29
75383.22
12291.98
98300.80
5128.86
38245.82
61129.41
27100.92
71901.81
19006.46
16867.99
39565.78
14899.85
84028.52
28786.56
79026.43
87707.76
11292.26
12455.14
12261.68
1176.90
61213.15
42243.52
27249.26
39281.29
4553.41
58469.20
8755.22
40876.15
77321.46
72319.71
20921.41
99001.33
70134.92
95507.76
28034.53
40270.83
94857.40
18947.86
56106.59
68816.33
99017.14
5608.94
124.09
92643.53
16261.66
69122.23
82758.34
9589.62
64151.73
57518.49
52964.27
11945.05
50338.74
92771.75
26557.44
93984.41
18881.40
84580.82
53243.14
13288.03
30778.61
96498.61
82515.39
35801.77
56351.84
44345.32
48256.93
11283.27
86188.95
52994.54
74735.07
66781.91
99539.58
94292.04
25736.00
92255.65
69713.96
40114.83
73285.89
4038.83
20869.17
28181.66
4518.80
98233.30
23462.36
67711.04
49777.17
56512.10
16298.74
67945.20
33500.22
8318.61
18432.59
58943.62
98294.56
18989.18
22924.02
97443.51
94940.38
59976.93
3896.79
76716.93
23912.31
17142.15
74465.99
22442.90
10383.59
77158.73
42154.27
5929.47
55945.15
27794.33
38425.25
71703.65
21316.38
77701.64
88602.53
2265.58
19505.64
64028.79
96072.14
6860.84
96681.21
79291.57
20571.67
92950.76
18006.34
72453.75
27883.32
64954.51
2498.39
96713.52
97715.93
61371.67
85629.59
47101.38
86223.44
13247.41
63321.79
97373.36
58150.29
91840.51
16350.11
7013.97
45120.26
50215.64
7734.65
62646.97
60182.98
62052.12
81623.72
8837.50
73189.06
13451.96
78641.13
43459.52
58901.83
1337.53
71002.88
97446.35
1098.27
43841.87
77390.04
12400.50
82678.12
46033.87
87758.26
68921.85
76742.50
57045.45
84680.28
47971.20
21556.68
92481.05
87457.35
73060.74
44805.76
38631.68
60838.89
46857.37
27482.03
5122.99
22716.30
48121.69
87774.16
90027.01
62169.15
83131.95
98156.23
46459.20
88318.82
64557.79
88082.67
29660.61
3341.92
35037.87
96090.02
58015.94
50579.30
10129.38
90923.18
49784.18
78757.75
23804.37
12305.08
66287.38
94014.92
76277.68
96465.72
5604.87
91145.08
23911.40
25959.98
22743.08
64671.04
26250.38
76277.57
74647.35
45793.42
21854.59
3307.16
27289.93
81307.34
58879.62
82850.96
80418.78
97390.18
85362.45
48830.05
79784.42
29160.52
82485.99
54442.00
76687.28
86540.10
71450.32
4250.33
6778.22
68233.21
2797.23
42184.48
8327.27
9310.18
75401.99
49256.84
25828.72
37634.63
45711.80
18123.36
95558.71
49948.29
12752.06
90045.44
97430.98
46971.70
26973.88
9636.08
85565.77
70050.59
1064.58
12237.76
96032.67
94114.51
42318.36
97298.81
42712.07
19019.78
87750.46
58279.43
72480.10
72371.73
8447.73
85430.85
56806.45
47897.17
28890.44
64000.24
93991.77
40896.00
24321.58
81421.28
30644.01
4518.97
11695.83
17410.65
41098.57
60617.05
50126.29
80111.92
99400.58
85586.30
30280.46
39222.24
6338.51
24257.85
10166.39
82779.49
96872.66
18762.19
63672.09
92531.29
24767.58
63999.17
43604.73
39979.57
88728.28
37822.05
3914.13
25951.40
85790.12
66293.79
28511.67
55369.03
48681.28
36991.67
21587.66
91605.18
65608.42
20409.40
2969.76
84201.09
74520.62
25115.50
2488.71
56228.03
84707.24
19946.04
61668.14
66138.11
21692.42
43129.52
79415.30
65410.26
37879.52
85824.49
2441.72
1238.02
4479.08
3096.07
39452.56
30083.56
55060.93
30129.14
92026.64
50414.54
99704.79
21546.28
89655.31
92411.35
40238.57
77983.73
77907.71
10493.02
18866.11
76348.58
43034.91
48697.52
52565.78
39942.13
97355.26
6775.51
17823.25
72374.39
60765.98
24127.37
53548.75
47498.47
22560.98
1142.03
76410.63
15960.51
2843.99
92964.59
52783.39
17084.84
21714.05
73099.11
20681.57
12533.32
69437.06
1405.71
61530.19
26525.97
19581.99
33825.47
71816.88
36471.32
30300.42
53747.92
96212.66
29724.65
44075.02
18230.32
50237.39
52161.57
91669.24
30008.43
96677.52
71548.82
70591.54
33413.23
60552.85
55989.96
49341.64
93882.21
84660.02
1095.42
79289.51
20666.62
95798.07
20309.60
6281.10
70172.34
59369.00
49843.63
74249.60
45936.35
31976.91
21092.91
50463.97
83608.99
48457.72
56415.27
58958.74
2911.62
18904.54
89057.08
7253.32
48597.62
13701.24
65297.94
15673.52
43575.40
53207.30
62540.65
23357.25
31351.62
4351.28
56694.28
90826.46
33679.31
68477.33
28110.25
34468.05
68573.37
58994.91
59536.27
18363.78
72050.29
50038.53
52861.39
7565.92
46002.56
32950.86
67695.33
74262.06
29985.23
32901.50
75276.84
16499.41
85396.96
35402.46
57352.78
59529.58
96938.94
90157.58
19692.33
77099.48
56619.12
52451.00
99042.38
29755.58
85477.21
18974.64
31337.83
5187.35
22902.04
98565.55
73020.89
70913.52
63055.11
13388.65
14855.77
92559.63
28934.75
59208.42
7604.24
72179.60
80744.47
54158.33
52257.32
59185.65
80835.68
92188.59
90063.92
9474.93
11296.83
37111.20
75885.16
10070.51
75710.08
98128.40
9757.64
52834.35
56997.14
53832.94
77282.84
862.44
17329.60
19129.91
93108.67
855.35
78248.28
49123.13
39128.56
65154.09
83808.80
23332.10
84048.79
23553.40
77948.55
34008.57
58149.51
92216.21
84431.16
40942.69
30743.15
13864.56
30185.01
90676.14
7816.58
24426.07
42848.99
13684.19
50098.20
42680.76
68912.12
92015.56
96131.62
10208.24
35401.30
84889.75
79398.34
53723.24
53695.71
14967.05
1031.10
9704.70
87287.29
31231.47
99820.99
79650.83
37967.34
24042.64
6149.02
98204.28
36448.67
68878.89
89652.25
71958.62
44912.39
96824.60
25369.50
57756.58
43409.79
64575.70
88168.98
88468.32
15382.05
33171.02
29382.58
82013.02
825.60
25479.21
18942.70
35807.04
20005.74
43539.12
69176.22
367.48
28708.86
23651.42
92074.89
26526.11
6184.58
74824.71
83133.53
15565.08
17854.92
63140.56
43431.57
6021.03
70217.40
94739.02
35900.42
49875.45
61720.04
40601.17
69372.19
93781.90
16980.02
44782.86
92842.30
7689.98
84356.75
47288.71
4051.68
37163.13
54857.36
64506.65
74681.57
5090.60
57884.60
83733.23
68633.07
98496.08
4879.35
67561.13
24293.09
57633.77
38134.80
72128.16
76922.42
33361.55
57401.38
14052.60
84817.33
4744.31
21094.46
7249.53
34266.84
58079.16
60356.92
56981.43
26706.21
59704.68
4406.94
69331.04
97361.73
51033.99
53978.99
90917.32
44155.34
84430.64
60006.39
67108.09
85021.43
47595.07
56440.44
36127.54
78107.28
20406.11
65407.55
36360.46
93492.17
86913.74
97894.88
22840.51
83884.75
42027.50
22267.72
29842.21
56093.84
89434.41
73732.92
89183.92
22454.81
87002.66
18047.45
2959.77
12513.25
7867.03
19995.62
81484.74
91667.44
34856.14
97020.85
50087.31
308.66
54834.76
7790.97
94165.94
95199.70
10327.46
75846.80
35553.47
31251.36
39702.95
58603.94
54717.31
29739.19
58390.59
46690.35
50194.60
46917.14
28547.52
19218.26
13231.98
10721.35
9174.18
44299.48
77648.59
67683.05
80563.77
42276.48
86149.99
38957.18
29399.62
41138.12
7269.43
87148.56
33737.94
95866.84
34966.36
79110.78
63943.09
14442.65
35352.80
1305.41
70404.32
44385.90
69886.30
48312.71
8584.34
9532.32
48548.98
23861.87
66688.19
28420.04
99149.09
59854.27
12278.98
3066.53
47778.31
20547.88
79848.08
89656.84
62118.80
49850.56
41379.47
24813.69
33738.34
5290.62
63082.74
41844.11
40461.96
85456.31
9534.99
50326.41
17032.55
71519.51
12167.89
61179.24
76872.68
60537.85
62615.46
18121.53
97987.34
12451.73
24395.72
78181.14
37363.18
19338.72
9235.47
64860.46
18144.35
18316.93
72159.37
16648.53
59965.60
85594.78
88498.02
47903.85
65550.71
20072.55
55959.02
89582.35
74320.76
6794.43
18083.97
71123.04
13746.97
28318.09
9476.38
40101.63
43907.90
2748.62
84365.85
33797.83
92418.54
45076.06
83778.49
8731.53
4316.64
59945.48
50471.92
5238.17
92576.20
7437.57
64017.70
37941.31
18271.11
73858.81
54445.35
94483.18
66931.38
28508.07
93973.56
14557.68
45623.42
1078.90
95602.09
15748.75
32865.15
58368.45
54023.50
92848.22
14596.03
14543.96
58777.37
43484.38
24711.30
65411.52
42283.81
22720.56
82599.32
23377.37
19390.92
10078.13
41925.74
65992.93
23126.43
6116.89
78780.52
21783.98
70394.34
98986.90
80792.52
93660.87
20022.33
74450.05
52628.59
85979.19
32094.74
43596.24
12086.80
79487.22
3866.93
48496.40
63321.71
86327.53
9650.70
57203.45
53725.18
95151.57
5588.06
11947.84
15978.04
99095.43
55377.35
58232.50
65664.75
34909.72
64505.42
35033.75
95520.85
23967.64
53346.57
64319.58
10521.72
44018.96
84931.57
80008.82
20713.50
59828.70
61666.58
15211.80
80689.63
71656.30
55883.31
20912.72
75080.63
92021.15
36696.11
42738.38
86174.46
57707.45
37204.47
11948.75
29760.15
70471.40
98452.54
29997.50
78668.94
97747.16
66155.39
45501.63
99193.70
63008.89
11526.14
15861.31
6886.83
32948.31
25203.63
35023.47
78796.48
47315.05
16839.92
15480.25
23407.48
96619.28
2946.21
11257.29
49403.64
6661.51
54445.16
39750.18
8359.24
24230.81
96850.42
72994.80
81023.41
42502.94
11410.66
26277.38
33929.90
29922.99
74132.38
41515.92
94542.27
32583.05
3985.41
58677.26
91052.23
67242.05
88648.42
63547.20
29481.44
60192.40
13954.52
42998.11
47551.01
9065.57
27227.96
91773.12
67940.33
17098.75
17994.74
40449.68
96215.61
53674.71
32087.37
92898.93
29952.88
22065.96
38828.70
4885.62
78746.83
79059.53
89039.53
58434.67
53230.09
90960.09
96012.54
2175.80
7050.24
68100.82
72188.85
26584.49
37038.88
77748.61
66711.79
86512.01
48493.23
68847.91
32546.44
87545.06
54852.22
41587.97
61045.46
81903.58
62825.44
70239.70
88069.78
51611.37
67451.71
86857.86
17132.84
24465.92
86183.14
37072.54
75597.42
19944.45
59599.00
66693.70
59074.18
57706.77
12871.22
70061.75
26468.86
78565.97
20402.86
46442.13
81619.28
65358.31
87008.67
21012.70
80628.09
47790.06
67171.77
40887.35
53261.66
69278.42
91340.17
56082.32
49926.05
31595.73
68098.78
17526.38
99283.18
3645.12
67734.49
2150.16
7500.24
6946.55
30350.37
51838.01
89235.84
81666.12
74160.22
95049.07
55291.86
9727.02
18978.36
45352.56
19032.36
96536.55
48005.78
98478.06
42827.88
65481.66
9923.88
36938.35
26391.04
1720.61
77129.26
34444.36
65197.40
28656.26
58305.87
31094.36
50881.90
52056.66
28435.61
33734.58
83310.49
70873.60
55872.26
6426.10
67190.19
37128.00
56254.02
9899.88
20789.78
9482.66
95936.59
97596.14
31673.12
48259.27
40209.98
38798.74
8280.62
33862.32
24892.57
1998.73
49356.51
46573.31
42358.26
78137.66
72852.80
46183.35
44312.68
60445.13
12519.82
93779.94
80618.38
75731.15
10248.20
1558.31
94567.15
37905.42
91456.80
71586.37
85472.78
60872.56
42526.54
28361.14
98924.32
31590.93
46318.18
75126.61
27413.70
31073.75
50442.10
23800.89
95088.44
26126.72
83013.68
32747.16
72551.40
85080.52
93215.46
34185.67
27385.72
57240.93
73631.68
63677.01
66072.01
21938.84
22816.91
49228.49
22441.16
73627.36
58180.48
29196.09
57585.23
83641.33
78353.62
67858.68
58777.39
69294.66
2208.91
97122.50
76430.82
2015.61
98282.68
10430.94
27365.32
29791.13
34009.22
42841.71
96587.70
51477.82
29233.64
50753.27
25286.55
78673.73
38781.13
43539.89
6204.85
3014.88
10887.38
31247.67
94156.97
9007.58
36018.55
21871.82
88283.71
43575.55
8017.18
93655.01
7832.24
9441.78
82394.68
87150.85
35287.46
14843.97
84660.26
62080.92
85216.97
41371.99
56601.79
72321.09
80260.75
79573.94
21727.57
50191.70
56058.85
43980.22
5758.77
53611.57
9395.73
69025.29
93545.26
10112.78
83588.54
59061.09
75589.76
89941.92
63329.86
34536.14
21353.97
14030.55
10200.43
46218.44
79189.98
65381.47
80577.76
81542.02
43611.75
83410.44
23924.35
69465.95
87280.24
33861.66
80442.32
50626.22
81143.93
39613.97
41223.27
36563.73
60005.62
47486.16
30005.31
55072.65
47156.94
87551.89
42729.68
82696.37
75931.04
71805.75
87075.22
7590.27
16446.42
92234.08
86305.28
52454.90
32259.40
17469.99
22502.54
98394.94
73642.52
9398.65
92828.43
6281.61
51570.80
28544.60
31135.96
38261.84
71318.39
15885.92
27275.64
86185.97
14939.75
60310.61
47261.39
17650.69
30263.29
3999.20
30907.04
4543.78
77566.67
89309.05
64577.91
38993.56
91169.13
34657.20
94378.53
44027.97
35460.46
83372.62
25737.13
39435.50
1078.45
26862.78
99633.46
16662.47
79929.86
83204.22
43134.82
80584.10
94304.55
65919.94
16662.82
8238.05
10017.40
35542.96
9537.87
26566.13
39401.45
28215.54
29789.94
33633.47
50417.28
2667.39
31494.10
16014.60
7002.11
57843.71
91702.42
57124.44
61959.85
59070.46
53122.42
28341.77
46394.76
92809.17
75586.73
41914.37
9982.27
64912.02
6685.88
81238.50
28865.30
7622.27
76615.21
18166.74
55282.39
91033.52
8126.94
97676.28
47807.75
51316.91
79114.92
55359.55
91147.89
66562.96
53381.03
44167.49
79450.72
68727.57
47502.54
93962.27
13573.89
9596.13
48424.81
47811.65
29872.19
73853.42
76032.29
42021.33
50256.05
10189.64
54912.99
6145.40
15288.61
22791.57
64599.40
77415.01
45110.66
36350.31
13440.31
960.89
24272.17
67860.25
93161.61
88260.30
87230.54
48105.74
57946.75
42363.11
22145.87
44078.47
38905.34
27455.78
12239.68
95524.47
23204.74
49111.68
90438.09
74440.14
26317.14
11687.19
5521.93
4090.16
70785.76
62322.66
11941.54
6223.04
83907.65
37480.10
43872.30
76871.05
45617.43
8128.55
78316.01
97566.99
9026.93
77862.72
25679.58
81056.82
76241.31
75714.83
80928.86
216.27
35291.66
94240.70
64083.94
23492.41
60983.58
87021.07
73211.68
56551.43
3228.75
78966.54
11452.63
41296.40
93758.08
9938.16
60043.76
91944.58
37386.99
46546.69
28400.57
66534.41
81881.42
50605.11
55048.74
85234.37
90477.62
82689.82
29938.78
79235.53
82870.94
56198.51
66973.72
6436.57
84825.86
20463.08
33021.00
72856.92
33437.16
28679.90
37036.21
77249.70
39570.26
15840.40
5421.99
51268.14
64044.03
76613.76
5765.80
73479.43
58294.01
18332.82
17445.70
62531.80
26912.22
61159.10
16226.76
1866.47
2282.63
12343.91
37359.74
20273.90
10686.80
53628.90
15578.05
43657.04
90622.63
38220.02
90715.70
39725.14
74719.06
72536.10
59903.73
3651.30
70670.14
31407.96
31269.96
16965.30
42470.73
80967.59
5041.34
23523.39
33977.75
39576.41
28760.10
11917.71
57060.02
96136.92
62752.89
40424.03
77134.23
16695.00
90439.80
83813.50
91288.43
40272.28
27074.89
35727.36
50203.58
92404.85
94731.75
69395.51
65331.91
12518.35
88100.46
51216.33
13487.98
3320.71
20410.70
59368.76
45088.69
40307.29
79029.33
36515.66
1402.99
72457.93
29767.63
10753.69
1632.28
49380.21
7497.94
43328.33
28190.26
62425.21
47722.99
6915.04
86537.79
23694.11
18829.01
37871.08
63557.21
46222.71
26637.62
30916.08
74793.02
1511.57
8703.26
44780.29
45629.68
53416.16
51930.39
86169.14
62823.17
37021.91
93532.20
81526.07
75659.48
13288.74
96854.66
73800.31
58471.85
4219.17
10898.33
79168.07
75292.10
34121.64
85297.12
39884.57
52774.89
18031.15
36034.59
22218.84
60103.63
93623.06
65208.73
55805.11
27505.23
23964.96
86249.21
61969.22
64296.00
1431.65
12478.75
80333.51
53105.62
90371.55
95491.72
90542.20
15388.32
77136.02
58824.51
65816.59
54191.55
19428.65
52894.17
10403.46
76770.95
71052.76
92292.18
96281.71
1357.48
95980.91
9811.02
47276.23
30625.48
65831.15
73704.55
47421.84
71951.65
86576.61
18494.10
37373.33
9072.05
37684.72
14798.45
75632.92
8806.32
38921.98
83605.30
33935.49
29895.16
58765.18
75770.08
87079.16
25192.48
63782.77
54402.70
43765.93
37780.53
29518.69
85513.80
86362.45
71453.63
97701.05
73059.22
20551.77
45064.15
56226.52
74334.81
52950.02
50593.87
36314.96
48769.75
37511.15
33954.81
99468.22
14860.09
57232.83
20224.21
14223.37
99749.01
71982.35
25809.48
7723.12
75402.71
77495.17
84670.93
14963.09
84720.03
24012.94
22901.43
90565.58
7713.34
48072.97
83548.99
44393.57
57244.07
51844.39
53779.69
44669.59
74036.82
32916.24
70431.13
29035.55
31347.22
67697.41
68326.59
66095.94
49113.95
61186.88
93807.64
76636.70
57890.54
26188.78
8720.74
68061.06
32069.15
22448.01
43056.24
87329.63
54199.26
42334.50
88054.92
63906.75
13775.28
98354.69
86560.70
6749.55
7583.91
98680.13
98153.09
44297.28
57747.67
20358.44
29513.66
94447.97
66149.67
63404.67
60723.84
75332.63
70707.79
49637.79
93345.96
33915.90
5276.65
13322.98
20474.38
24770.16
20242.94
87238.40
99555.51
88256.11
5242.16
57033.67
93574.63
3372.34
40492.93
71166.05
30710.73
48792.49
3619.30
61869.77
20701.22
95732.16
93166.87
56303.38
33495.67
7878.81
79877.49
54867.11
47478.13
58775.71
91776.62
96148.77
30847.72
75590.01
10207.56
96895.34
33603.36
89871.19
16839.85
2857.43
43043.96
60342.66
33406.02
69511.94
5829.95
9258.84
84211.59
40238.04
67594.74
77268.77
93978.18
48886.49
56205.90
9469.18
13046.00
83111.73
30158.05
54735.93
72203.47
10213.80
63256.25
77110.84
88970.15
653.68
80747.95
13757.52
53012.27
65927.54
12341.30
92572.59
22880.85
30193.68
10299.53
82394.60
70641.63
17026.97
26796.66
14295.81
20621.56
44000.09
11094.83
39031.15
4494.33
14528.90
94712.76
10034.58
47695.22
72684.34
7661.79
92419.97
91236.47
36059.38
26473.37
94753.11
67724.42
59302.01
69709.25
30210.77
13241.99
35160.14
24672.29
6055.70
99653.21
93771.94
66675.95
14143.36
31249.89
34614.65
92129.61
47844.97
56226.97
36948.95
5173.05
748.39
8774.43
67678.16
1768.82
47929.71
71172.69
98056.09
67466.23
87041.59
73507.36
70414.76
79161.79
15907.11
29391.49
39654.65
90475.65
84442.52
66160.39
59137.91
89677.02
43759.65
96687.24
44427.25
71091.40
54964.69
56346.40
43648.48
77584.94
57860.98
3894.63
80382.93
51465.46
3969.91
50130.39
11840.02
5795.20
47705.70
31408.41
72659.13
48578.28
98184.14
54272.44
72856.71
90957.27
99829.66
69076.99
41626.60
58922.69
65320.45
96987.65
63107.47
36854.03
88777.76
82963.86
48820.89
57500.44
34873.02
32921.99
23427.76
59251.07
37025.54
79195.33
21715.23
86078.15
42168.54
90506.78
23706.84
27358.27
99810.70
90076.20
48483.03
35197.83
59524.87
73436.54
5549.20
35685.25
89251.92
34406.79
62956.83
66263.74
42147.72
35703.87
38119.70
25203.51
53015.58
81179.64
59496.98
21727.39
46863.24
54046.59
63465.38
90774.26
89855.46
63297.45
27476.68
97755.27
29549.58
10544.81
86727.20
20232.99
14814.23
80793.40
7307.97
14026.24
36809.68
42335.23
17008.49
62811.04
10575.15
62929.72
14168.12
93046.45
86500.39
78996.35
90116.14
54952.53
68188.26
14236.72
15673.63
79221.43
36457.00
84393.35
9183.33
60109.89
26451.77
91461.86
81117.82
81382.95
89903.81
54821.50
11274.36
58558.97
9679.86
99402.73
76364.12
10640.60
65856.75
67411.46
4411.83
47607.71
27483.70
93432.53
70339.26
69057.22
80800.92
54367.30
55576.31
48996.72
91843.78
8773.51
10374.39
74401.97
56712.96
56710.83
87508.32
88310.07
82337.99
63750.43
13952.90
89934.73
35692.15
50669.83
29036.61
65341.61
97359.52
64990.25
67227.46
74752.39
39731.66
93366.11
39383.88
25965.10
