5883
219 4190
6613 335
7961 7813
3153 5754
8766 6395
8088 6329
4186 8395
2521 5206
5376 720
2551 3790
9392 1069
2830 9710
1037 6025
8419 3494
392 5204
2756 7636
6934 8184
3900 1531
2630 9268
1988 9130
1143 8337
2818 7991
4460 736
7359 1701
4274 1265
5461 6826
2103 7173
2802 1036
8091 3245
3112 2211
3622 388
8570 8021
178 7097
325 5385
5785 824
3895 9684
2635 349
9670 7394
5218 6878
8057 3596
61 1590
4462 9437
2769 2354
3593 2530
1837 5210
4982 3977
3367 5074
2814 6505
6850 930
5892 5867
3242 682
7685 5364
5547 205
7246 3234
1425 5549
4125 3432
8517 92
6114 5936
6746 4285
345 1540
896 9215
5321 5401
7761 2769
5609 8226
8735 3382
8648 7124
9209 1962
7515 292
2766 6022
3464 5977
8868 8791
399 504
4995 3305
3614 8943
5359 1348
629 5412
8262 967
9319 5869
5373 5639
8368 8971
2416 8123
1411 5306
5417 7661
649 4436
2635 5155
6266 6904
2280 339
8379 2005
3389 6561
6446 5123
9110 405
1872 8270
3974 3159
5804 2565
198 4728
9137 2434
3191 1918
420 2927
4785 218
7732 7343
5771 44
5139 9814
4258 1324
9254 1055
9549 8325
7450 7215
3622 3563
2076 4922
2266 5433
5558 6033
279 4112
849 4175
9301 7629
7345 2175
3869 5739
6361 2895
5628 9282
2350 3433
207 8807
8644 5795
205 3908
2072 8196
2937 2435
8689 3984
2717 3196
456 4831
3080 4755
9118 8769
4460 2094
2679 9789
2000 7449
3635 96
4008 8544
2772 6458
9866 8953
6647 317
3752 8803
4292 3220
5219 5492
5452 9723
7074 6846
5488 7735
5974 3602
545 9770
3427 4308
1476 5371
2169 2567
3761 6602
1194 6399
9787 7076
4425 8465
4351 5829
166 9203
2010 7877
7591 8081
8261 5394
5818 1262
2533 8137
187 9373
8096 2945
2294 6863
9045 9879
9331 1111
2632 3515
8508 8260
3784 8841
8495 432
4238 7998
5276 2379
2946 6551
2772 5157
3006 9760
2524 8094
6243 2919
1761 2634
1879 5735
1154 5386
3013 1732
1477 1298
9011 9098
4818 616
3575 8151
8743 2486
2305 4259
891 3622
3006 2913
3183 3523
3685 3103
2296 9165
8173 9366
8119 7656
4702 512
5751 4737
879 5377
1748 2341
1587 6992
6373 5031
8919 1618
1983 2651
4866 7858
5593 4771
2915 8008
7086 5728
5811 1599
8434 3374
7095 2710
4318 1697
2835 2755
6868 1679
315 4184
2076 8964
2831 1006
5624 5758
9711 3008
6227 531
2421 7766
9096 4638
7305 2701
1583 8586
3765 8860
7077 7572
2607 2527
866 1763
1571 8644
3063 8347
6799 7923
4990 7037
1635 1098
5534 2724
8331 9149
5821 135
736 7119
7850 3357
5921 1598
7767 7828
1244 2742
7592 9046
8695 6450
9736 416
5927 3816
5405 3426
1524 9164
8175 2899
6361 5087
7503 3994
8834 2263
7706 3617
5043 2670
4498 5517
2473 409
3635 815
8464 2344
2664 2471
7614 147
1881 1164
7214 1239
4840 117
8099 6487
5084 2043
6679 3714
2789 9706
1705 5105
2485 7919
5081 8014
5611 1642
8372 2940
834 2623
2567 2062
1144 8492
9774 5050
6160 3875
4202 4818
1365 8083
6283 1000
9385 2870
2799 3465
4926 7074
1788 9986
4716 1832
3103 7369
790 4595
7926 7822
3140 17
3875 4433
6873 5037
9818 9536
4907 7672
8629 60
191 6209
6389 3527
3212 2318
2354 4096
4430 1296
6914 4796
9621 7282
3058 9964
2598 6867
5862 5783
4348 6642
2163 7763
682 8705
6911 7927
1414 7411
2693 1469
8286 6475
4144 9564
8759 7349
6000 9808
8443 6135
2931 3942
7487 9244
2305 3791
6670 348
1938 342
2734 6157
9534 6690
9337 5325
8049 2705
8736 3256
8139 2987
2013 4809
2269 4347
9302 5596
1296 1181
628 8158
5112 7153
6568 9553
9506 5289
9985 8567
3378 9967
5082 4951
8981 4212
9270 1227
3206 2509
2227 5934
1448 9812
5934 1451
7180 6893
1626 1730
8698 9088
1772 8824
7030 7041
4009 7102
6847 5797
2325 3957
203 2233
2299 2787
8357 8635
688 4882
7904 8421
1130 6289
5831 8222
8840 2468
9543 8698
4139 4531
6986 5680
8844 9626
4162 3812
3313 129
9090 4262
422 2353
6479 4645
2024 7803
7725 9140
653 9575
868 9795
2266 232
202 7016
4898 4331
5935 3133
1075 812
2847 7836
3840 7233
5310 7154
7021 9677
5862 1346
1406 3829
1025 5136
979 6966
9889 2284
4507 2055
6454 4768
1566 1022
9177 9659
6468 8525
2939 8744
5270 4419
5709 9717
1309 9430
4580 5348
2952 3936
8686 259
9996 8970
6517 759
3664 8788
1670 2768
5692 7700
905 2556
8494 83
7013 7663
3040 8197
1627 6884
5617 4375
6715 630
3793 8501
7726 6629
8016 8117
3493 6444
8207 1254
9857 1280
3714 275
2650 2684
2041 6473
2010 936
3127 1967
8320 5085
7617 4558
2451 4171
62 6195
9529 2230
5433 9395
8072 7188
1509 5644
3610 1013
3416 5878
4758 250
9396 5080
1108 9642
843 1419
4574 3224
1893 5745
1526 1903
6752 1786
1963 5291
9942 4767
4422 5733
7290 3409
6081 4916
9363 3560
1811 8043
995 3210
6901 5018
2917 4147
8064 4589
1812 7859
5043 9663
6598 7114
681 3651
2885 3645
9944 3668
1934 7667
6571 3538
8483 687
309 4773
538 3421
7545 9875
3868 7820
9863 9106
4592 1038
5450 3882
6649 8880
2687 2311
6355 4740
4549 1586
4130 2162
9510 2485
8082 6232
3691 2080
7168 5847
9002 7392
3267 6988
3318 336
6029 994
187 6439
7211 9210
4481 9646
2422 6279
8284 5472
9514 8983
1717 5855
1507 3354
8336 7061
8463 8183
556 562
4433 5418
8005 7068
6906 2610
5120 9662
8317 8557
7100 24
8104 766
4830 6917
804 5476
9387 9327
5649 705
2140 9603
4478 5435
6235 9985
4101 8414
2049 1378
9329 2989
5770 5009
5831 2871
4306 1496
2826 2544
645 2451
1603 5423
7797 2788
7942 8897
2461 3934
2009 6579
8569 6819
9166 6698
6693 7564
6836 727
2697 9026
9131 9732
1811 5657
782 6095
3198 7618
3021 461
2308 2189
1450 1663
4079 6566
2266 7574
2232 7451
8925 417
7443 1468
8797 4661
7926 9664
5589 816
343 829
632 5207
2840 6336
1408 5785
4002 7995
610 7123
5665 3685
949 3
8019 8301
9891 800
3034 5297
7066 4805
2419 1709
4244 678
1067 4355
5104 7556
9187 3172
7065 8108
1687 8447
5431 4770
6545 9766
6628 350
6691 314
9245 79
7089 6738
4686 9830
8321 8305
5911 4961
2806 4313
3886 3041
7867 787
292 4675
6030 2428
6627 6248
3479 5877
2159 8800
441 7547
6090 1834
8664 2057
2010 4227
9531 9466
5884 4700
2452 2251
5821 1525
7096 258
8248 3110
3267 9949
2883 3206
6493 9314
8069 952
7949 2812
9661 7964
7150 2075
4990 6425
8229 6914
1512 8019
7854 6316
7885 1848
2094 6910
9859 3644
6813 9142
6015 7342
7946 5161
161 7420
4300 5805
2028 9241
5747 4759
5709 2160
1461 9059
3266 9234
9507 2118
3371 3302
4459 476
3106 7812
4179 1241
4718 8933
178 5892
4227 2452
9686 6898
2737 958
8986 1465
6141 545
217 4481
7713 7781
2216 7602
2824 7039
4368 1594
7767 4841
4554 2317
2552 1244
1478 1906
573 4473
7525 294
7734 4452
9100 854
2138 6912
9656 5454
9740 2190
3395 2537
9444 1329
2005 5841
5760 4020
296 8472
6579 9877
1382 9091
1308 4241
9906 9250
3356 1887
6971 1683
9219 188
8482 663
3497 107
5187 633
9237 1068
65 8817
2500 7835
886 813
6663 825
139 3113
166 8306
6052 5083
2613 1368
3637 6449
1771 5051
4440 4522
452 788
7461 5356
4494 884
8911 5838
8169 2073
402 7399
3854 901
8072 685
1917 4512
9701 262
8022 4513
2066 3112
4949 5190
8314 3389
8104 9093
6265 6593
3963 3910
5685 46
9193 5828
782 6452
3819 7790
7170 242
5357 4274
5036 9292
2003 5272
8406 5129
6200 2512
7413 2817
3706 6247
653 733
5822 8827
3513 5255
4219 7494
9667 7139
4829 3274
5446 6675
4127 1846
3491 3406
8283 2371
1193 5852
7947 9006
7552 4574
3545 7484
2991 7911
1464 1937
4955 8556
4497 8990
5682 2693
7176 9908
8781 1360
9155 2793
8370 26
6898 4653
833 8714
7694 3454
2590 43
1636 5383
6229 2340
9040 858
6605 4526
8019 9317
692 2054
7557 7464
1061 9806
5391 7954
6289 5967
5086 4400
7769 2528
2523 7960
2297 6318
6018 9420
7606 2928
4313 229
1178 1101
6526 6372
3980 5753
1077 9635
6273 2141
8485 9876
8668 5801
1089 7422
7229 9382
8428 9076
4772 3444
5464 2839
4002 831
549 9874
1750 5447
3864 2447
1901 5219
5520 6676
8982 5341
3687 1864
6826 7570
9104 9184
2544 6535
8306 7461
6663 8449
9318 8486
9155 1581
905 8690
2686 6708
3690 6588
7769 6797
6066 786
9939 5779
7788 7898
6479 4119
7132 6478
9920 5495
8341 8741
3625 5427
1325 8568
2019 5221
5975 4056
5183 6140
5267 6114
2363 9090
7223 8144
6050 338
7119 2617
3189 2916
1807 7404
1025 5637
1077 597
3533 6515
4053 8785
8855 1725
3607 392
6842 5533
3235 933
3958 1699
5155 5700
6862 8691
8177 2129
920 6905
1312 5863
1115 8655
9405 2797
2324 2288
1931 2775
5141 8718
6216 7823
7488 1852
1297 3513
3166 8429
7608 1661
6141 6623
2037 4365
2041 3920
5412 8521
1940 6930
5221 1059
9379 9957
3884 4874
2692 462
6253 4060
3345 8529
9043 1454
6607 4429
9612 9593
7123 1526
5518 5278
3614 7168
7875 9008
7057 3342
8896 466
1943 9730
8050 4797
79 4994
7249 9167
8610 440
1728 1256
7229 9029
4651 8034
4015 5153
9616 1342
8161 7807
6343 8736
1178 5537
8572 5248
9949 1547
951 4150
6371 8523
6430 8427
6749 4925
530 1252
4426 3481
1989 4477
5629 7307
8260 1258
3955 320
882 2583
9127 1541
1624 9078
6292 6389
1158 905
9240 7093
924 8756
9426 802
1769 4266
4498 6178
4261 9725
1536 8331
1742 2968
642 8139
8454 6290
7789 7736
8490 6926
6069 3246
9295 1
3225 9143
5488 8745
2967 6702
5259 5695
7200 3096
145 378
9377 6621
8074 5913
3773 9719
9773 2465
2309 8172
6597 985
1156 1930
6110 4201
1478 6371
6552 1355
6555 7455
1458 5720
955 3352
9706 9170
3904 5916
9342 3944
7818 3826
844 8668
4404 4045
9985 5117
9603 857
2395 6073
9811 6744
2009 9243
7560 9667
4226 1944
3879 8606
889 4579
6662 3488
6575 5557
4519 8163
9428 5007
9863 4143
461 7534
5813 9601
7043 4371
4740 1077
5875 4296
8608 5727
573 7
3036 47
8086 4946
3045 894
6539 2449
7227 2021
3757 8471
9346 8230
6849 3067
596 5581
5511 3779
3721 1123
3976 4395
8035 5621
8643 4077
5620 7880
3342 7855
2678 3456
5669 5711
4842 5765
4041 3810
1249 2359
7715 9110
6018 2882
5761 4019
8767 2307
6297 7205
18 9765
2920 529
30 498
2212 2540
3819 8113
4131 9114
7488 6585
5108 976
3590 1914
5980 8239
824 8203
3010 923
5128 2206
8511 746
6029 8999
1127 5895
7533 9398
4848 6598
6896 7507
1188 6697
9580 4243
3956 3315
196 2257
