395 8159
77 211
359 273
157 197
343 127
321 342
177 89
183 28
332 20
241 128
6 105
9 111
80 24
385 338
196 251
66 308
146 32
312 125
124 389
207 339
66 324
3 349
166 295
138 140
165 340
268 273
102 131
134 309
168 40
160 10
347 88
75 146
354 293
5 43
332 232
259 106
121 180
279 202
84 75
105 1
298 121
108 136
17 45
33 349
10 308
220 353
270 354
105 132
255 0
151 181
360 155
175 76
350 328
144 325
203 191
299 23
111 308
74 22
264 135
120 105
343 77
274 120
142 187
233 43
255 329
6 350
2 256
315 13
211 165
377 307
323 201
266 329
227 26
11 254
352 91
332 329
268 292
16 234
236 297
54 380
109 374
251 241
311 125
143 178
232 166
373 251
24 45
61 192
41 226
206 360
332 153
170 386
234 167
170 51
345 252
38 289
79 355
18 297
74 374
186 21
136 352
250 179
145 70
325 17
242 148
136 158
133 79
382 106
307 53
147 61
38 356
182 173
106 341
111 369
392 125
95 367
159 217
110 365
15 283
99 333
198 40
134 201
271 393
39 296
370 88
274 357
359 166
225 3
386 227
346 19
352 319
373 359
113 67
4 144
236 74
265 331
184 368
298 176
280 109
235 277
345 17
325 258
84 366
213 366
328 248
339 52
98 307
334 393
105 66
360 232
106 326
378 4
55 393
64 46
40 342
118 313
351 310
299 126
302 251
29 321
350 104
59 336
134 239
350 170
28 326
91 151
386 166
45 335
315 60
149 267
289 91
119 298
207 1
74 123
76 364
79 107
288 132
371 294
103 37
349 183
335 363
202 357
272 59
208 266
293 78
230 287
217 25
266 257
64 193
139 342
392 164
299 46
394 142
201 344
47 377
82 329
180 52
245 233
296 237
326 393
359 126
371 259
176 241
34 73
391 356
42 357
154 174
185 242
10 235
43 260
51 220
374 309
189 243
291 169
106 126
43 1
146 295
192 228
381 100
71 172
309 17
179 326
135 325
362 274
270 127
260 68
283 276
3 334
41 260
300 263
200 144
336 45
362 188
383 84
159 88
349 91
162 51
337 285
88 394
137 275
261 31
172 207
125 126
338 255
385 141
91 12
98 344
359 20
197 321
332 391
310 112
347 204
99 349
350 232
153 264
196 223
262 44
217 386
144 337
118 262
278 384
298 113
313 43
155 83
367 89
361 42
148 127
299 205
288 304
334 196
340 151
379 165
241 118
149 155
249 184
157 65
289 219
150 202
305 259
185 200
205 238
15 375
271 217
73 15
309 184
276 265
292 78
122 207
65 79
159 21
355 378
247 255
192 16
40 2
161 255
364 152
294 100
139 143
51 263
8 376
193 271
393 74
163 69
79 314
65 4
14 242
133 128
299 72
257 328
97 200
262 259
66 214
32 66
138 231
169 215
202 295
161 292
213 73
17 388
78 234
126 26
377 263
374 217
200 319
283 109
333 161
361 337
16 280
43 10
36 115
354 364
2 34
343 359
61 124
295 58
265 249
94 7
281 78
311 0
392 169
269 254
324 215
235 352
95 130
271 83
196 171
33 0
115 224
297 23
291 319
200 43
48 174
56 152
112 171
255 381
63 115
188 37
190 226
130 118
270 86
117 209
379 202
346 226
102 116
290 392
255 185
302 177
153 134
387 314
20 251
275 150
194 344
264 106
128 110
290 95
50 209
189 329
203 91
321 291
118 86
346 79
363 98
230 302
33 340
298 38
394 5
338 215
97 242
353 1
77 215
67 39
66 322
331 271
30 167
351 229
179 8
224 106
336 331
353 114
115 229
191 58
149 86
164 367
304 18
373 332
134 63
382 224
84 195
239 133
389 269
317 302
388 338
260 189
193 267
8 150
82 112
115 58
45 166
266 347
215 286
351 197
364 247
39 250
362 179
210 108
118 322
257 300
313 221
51 120
245 214
134 28
218 243
60 123
391 120
295 340
285 267
0 306
391 275
161 275
272 137
325 369
377 181
265 250
152 65
40 238
107 176
370 306
32 44
283 244
47 0
286 96
243 67
215 308
265 234
353 117
350 0
286 360
94 164
257 362
234 377
89 7
367 46
104 181
298 153
50 120
298 225
124 45
239 367
141 29
231 282
355 76
47 393
286 42
28 60
264 282
375 157
167 393
68 299
59 85
365 10
142 27
119 331
386 9
312 249
195 191
329 21
46 68
261 162
333 298
211 155
142 208
351 31
12 204
44 51
274 26
160 77
288 44
295 255
342 93
294 121
325 353
29 136
302 113
122 94
24 355
361 84
104 333
379 65
339 103
243 190
79 3
390 328
103 101
206 47
389 199
138 209
330 250
386 178
53 192
78 119
337 173
135 211
329 79
135 13
281 96
228 162
121 359
190 127
125 266
158 47
26 234
327 247
340 157
247 318
141 348
133 247
274 252
186 151
327 207
47 4
118 56
372 198
389 309
254 203
158 44
226 15
155 104
335 162
77 240
246 43
176 27
210 29
300 33
51 380
316 232
55 372
231 331
355 19
55 62
264 116
303 187
320 227
204 387
69 30
307 322
46 292
40 165
272 37
149 219
206 186
72 268
186 240
353 339
162 57
323 384
346 203
128 296
122 55
206 345
77 366
321 186
163 190
393 117
350 21
216 325
173 112
4 12
369 140
205 217
166 31
356 98
216 57
43 228
171 40
258 7
362 191
124 329
68 170
78 153
120 158
376 321
137 394
13 196
318 161
164 178
95 255
53 164
110 50
358 343
37 381
329 92
338 75
295 231
171 306
179 357
31 247
107 29
283 268
273 70
310 346
207 19
42 40
367 59
28 367
34 230
70 391
227 326
251 198
331 311
44 362
350 157
216 165
103 216
197 30
105 269
380 294
138 141
379 121
75 353
174 224
71 162
222 63
240 93
305 92
329 389
192 384
34 99
189 182
26 251
372 132
270 376
297 172
93 13
318 351
330 332
88 13
209 183
286 350
370 84
148 205
64 153
201 199
220 332
116 23
151 109
251 90
366 276
343 231
56 264
260 259
326 365
82 10
318 315
115 207
253 70
286 378
341 317
73 1
46 42
40 294
16 242
341 10
243 184
23 73
38 15
209 46
236 259
126 252
271 356
253 104
382 43
163 384
311 316
188 366
62 348
80 372
108 73
29 270
291 122
381 238
274 100
368 334
170 371
165 323
301 304
170 274
203 166
377 383
302 127
194 233
255 140
201 390
119 128
24 288
14 5
103 210
345 382
15 202
87 274
18 35
369 206
370 122
121 336
264 342
177 348
117 91
239 358
116 195
105 244
104 91
240 214
155 227
38 50
130 303
41 220
322 257
360 70
146 39
204 289
188 170
199 49
240 249
178 89
127 120
355 50
14 243
189 190
178 222
17 6
363 24
192 387
259 98
216 372
252 20
21 307
292 196
281 322
316 315
294 361
77 230
308 135
189 75
150 312
166 263
204 95
182 292
120 47
11 26
141 338
59 181
181 117
99 172
118 30
44 119
165 373
31 92
237 355
81 181
336 17
378 215
110 306
165 197
183 347
113 249
352 394
369 105
331 279
43 57
150 108
105 78
145 194
244 106
45 51
162 103
216 110
320 308
81 236
8 147
112 170
107 245
24 220
150 380
249 152
4 3
235 324
367 139
64 112
239 253
206 132
63 339
120 115
367 310
219 131
115 323
87 70
367 265
356 320
326 180
95 247
208 355
8 188
360 358
252 145
357 216
48 128
168 74
296 251
61 369
316 14
339 236
201 273
21 246
196 78
71 152
103 54
92 84
104 191
222 332
12 375
20 119
200 368
239 35
236 294
150 147
163 343
211 220
276 357
123 146
354 34
9 326
81 247
242 380
200 273
320 300
195 341
179 145
276 97
148 218
67 81
257 191
53 149
215 33
389 378
113 317
368 371
131 188
318 225
301 319
341 73
94 171
34 307
222 325
207 244
339 160
242 318
233 77
280 372
196 143
223 66
136 42
133 132
378 78
110 8
373 302
369 69
131 157
237 284
303 101
191 280
107 1
260 73
216 35
42 120
205 139
4 243
364 79
257 317
394 232
72 207
3 265
7 38
361 43
196 328
37 197
196 35
248 315
113 385
90 230
229 171
10 22
286 188
106 196
172 331
333 126
103 228
59 365
301 144
252 338
192 390
335 93
140 78
301 228
121 48
16 129
270 82
85 145
23 90
364 300
207 127
231 84
358 236
274 173
187 306
152 170
263 46
106 256
63 273
237 316
38 148
35 63
268 366
149 167
38 256
279 246
316 133
153 123
338 384
230 345
153 12
0 135
89 339
3 344
142 300
366 150
157 317
81 92
268 108
377 162
262 63
182 117
366 273
229 202
157 47
321 99
385 147
90 263
191 358
161 27
104 75
59 6
190 372
228 156
56 282
22 71
165 223
107 208
334 22
93 56
203 162
135 172
7 59
393 364
230 209
49 359
84 226
200 33
333 272
46 163
216 45
198 374
332 97
230 172
287 206
10 207
319 73
282 213
268 9
22 109
125 63
73 309
238 88
42 263
219 50
1 350
270 23
166 189
203 127
68 319
169 209
337 10
242 357
32 313
346 317
231 168
123 174
205 341
387 196
283 336
196 1
151 386
82 211
257 331
382 133
256 100
350 110
322 197
124 87
325 160
59 114
292 40
333 124
238 338
305 178
80 5
78 310
391 55
267 261
193 78
381 262
40 124
364 245
358 385
388 96
106 98
338 254
105 300
108 48
106 120
319 170
82 322
214 377
202 228
325 182
16 21
198 272
221 364
294 103
197 348
64 73
99 132
27 128
371 370
97 201
112 105
90 97
214 41
99 74
177 111
9 134
37 114
330 363
82 321
143 358
310 151
290 11
212 187
171 357
101 212
334 35
59 351
82 277
98 214
75 6
51 383
86 113
163 94
140 27
63 130
182 131
113 289
204 34
35 2
97 71
204 160
141 69
359 66
346 318
19 330
100 161
284 157
366 168
112 323
161 323
190 52
394 207
55 206
197 270
333 229
223 187
262 156
307 66
292 372
281 205
139 144
90 142
359 222
279 391
182 145
35 10
81 377
100 332
76 110
132 72
154 127
322 149
195 112
144 195
162 393
130 243
335 98
188 203
43 160
121 319
120 331
227 365
219 212
393 356
393 280
17 248
365 213
182 260
264 13
140 49
62 93
361 92
351 210
368 329
318 6
187 285
193 226
291 196
372 318
261 152
36 117
187 164
159 4
331 67
230 117
3 386
53 249
105 69
185 214
133 269
63 277
133 19
332 237
40 84
179 158
59 284
105 155
213 189
105 336
69 358
19 293
64 347
239 100
336 281
17 125
92 135
116 359
333 29
265 43
87 129
44 59
143 202
204 216
3 78
6 355
338 131
202 168
237 308
181 369
374 222
335 101
223 393
291 250
304 299
229 393
338 288
70 265
100 3
307 74
392 99
41 387
351 83
391 57
8 58
199 262
92 333
187 72
236 240
106 192
42 55
107 103
208 66
171 146
193 39
130 93
314 54
163 60
297 206
79 175
55 169
15 231
58 345
180 159
265 105
224 171
152 320
54 42
298 21
328 86
80 134
340 67
93 362
385 40
336 389
326 318
163 227
343 94
59 30
339 252
117 286
282 286
117 100
100 354
155 235
220 141
353 262
294 387
227 254
314 234
175 160
386 69
126 237
98 111
252 267
378 16
97 219
28 82
129 47
324 213
295 11
87 80
334 158
361 77
317 64
163 193
22 237
88 272
387 338
127 272
251 218
312 237
255 23
123 62
74 359
218 8
136 94
23 301
352 111
306 193
376 166
369 333
377 287
366 204
319 23
103 150
134 252
46 302
312 84
205 353
260 375
240 321
128 228
272 32
331 352
19 132
365 14
145 280
179 144
321 28
130 10
320 235
20 55
290 203
62 233
391 258
247 323
190 201
195 167
321 23
323 346
199 261
71 287
71 163
371 180
245 281
263 374
158 365
0 347
97 157
209 60
89 295
88 258
114 244
50 41
384 372
307 316
32 8
142 101
107 66
274 17
33 213
95 316
30 295
126 322
244 87
300 279
5 347
157 320
320 115
378 348
68 147
260 17
87 148
148 325
359 174
298 284
378 157
65 380
331 286
313 85
205 202
62 138
23 167
240 161
218 382
103 292
20 77
81 156
146 149
360 165
292 183
232 159
305 387
152 331
150 244
200 58
291 91
227 335
280 187
381 112
305 191
29 328
273 191
323 188
233 313
319 382
78 295
324 179
322 329
377 260
48 225
120 139
296 103
377 240
353 153
320 380
226 393
338 348
290 388
4 29
145 67
73 368
168 119
269 279
173 99
17 252
213 166
243 227
106 324
222 16
394 61
361 351
36 128
286 151
304 6
292 337
181 133
76 358
382 146
88 41
258 226
219 49
40 281
347 309
332 70
85 355
6 100
373 52
377 223
324 220
115 125
324 237
338 211
332 297
187 240
100 5
324 272
312 12
293 226
209 142
140 187
255 34
290 69
191 258
56 99
364 302
150 322
129 166
24 213
198 178
251 384
312 311
244 226
57 24
360 4
160 155
217 82
302 243
46 241
40 305
194 160
242 127
239 172
246 215
344 8
11 197
31 244
138 390
53 286
319 24
207 30
49 86
218 296
190 387
310 278
93 72
197 258
144 341
25 320
391 143
11 68
274 249
134 306
135 21
301 318
194 100
243 197
87 153
131 216
45 98
155 355
325 388
1 181
222 157
212 85
213 191
341 52
122 268
314 184
123 380
308 136
71 164
116 217
388 166
258 260
31 125
17 264
119 288
149 3
275 226
350 344
321 239
12 49
150 342
324 80
264 130
342 357
362 209
390 303
94 273
58 9
249 78
323 215
132 6
172 206
329 360
286 19
173 355
59 260
262 375
113 313
83 247
294 289
128 99
355 68
250 252
18 242
162 264
171 117
326 46
302 110
258 308
127 360
151 174
365 120
76 118
289 198
8 319
53 264
308 327
94 354
69 178
103 329
215 165
179 165
272 381
214 93
292 254
318 142
255 2
194 129
297 308
122 300
203 136
207 304
250 45
137 334
62 363
2 250
373 389
115 69
346 26
91 325
130 290
84 16
360 183
254 245
51 66
12 393
126 17
157 175
286 376
230 389
394 247
370 253
354 103
13 312
264 8
298 342
247 276
85 100
50 96
320 257
258 143
197 384
52 378
202 124
4 316
164 228
345 22
138 111
160 181
83 16
45 22
341 240
59 105
122 394
347 352
37 73
59 229
372 48
218 118
177 245
39 74
310 303
141 200
285 289
117 371
65 315
308 244
334 194
254 232
199 57
176 2
303 139
16 246
184 237
0 208
253 339
10 392
359 221
28 179
349 150
296 221
84 8
265 366
39 46
243 348
140 276
187 329
338 350
207 15
334 143
29 84
369 374
223 352
346 357
243 330
186 261
374 170
244 8
169 91
50 295
67 152
120 294
49 393
9 10
100 38
341 13
227 251
5 202
231 143
18 384
79 45
95 185
17 379
195 142
172 115
59 274
185 298
345 218
49 390
14 262
140 113
156 276
135 178
191 394
197 389
294 37
87 234
289 148
317 14
60 336
49 151
90 117
44 385
276 9
233 238
122 65
43 83
265 315
363 175
275 327
305 289
4 139
158 103
53 393
375 218
149 45
134 290
36 169
136 17
151 28
330 178
67 177
391 182
13 68
22 324
308 225
248 25
68 352
349 340
112 345
253 121
125 62
106 23
118 253
99 237
84 196
308 306
327 343
131 299
16 216
106 199
218 73
194 132
334 87
163 372
182 39
97 136
28 378
235 341
386 148
226 65
312 304
352 56
198 181
237 365
178 167
382 73
307 382
228 45
295 92
310 295
68 61
292 147
245 82
130 22
132 8
231 355
95 361
240 191
378 68
138 194
203 7
80 344
41 73
343 47
158 159
194 368
63 36
316 181
205 220
205 100
103 97
252 272
118 5
219 105
293 250
145 15
31 171
155 77
389 352
218 264
147 142
297 260
145 287
24 291
11 219
173 309
330 186
110 84
274 45
293 175
347 305
127 269
75 348
34 25
219 159
186 348
154 134
97 45
349 302
151 304
40 331
139 145
206 192
303 340
185 58
156 168
114 246
104 195
204 226
302 267
62 24
89 48
358 302
326 199
196 140
251 98
316 76
363 307
27 60
250 30
291 179
151 101
382 286
389 117
19 258
324 49
198 256
32 393
370 104
332 388
364 304
90 24
222 114
344 131
269 212
89 155
195 105
312 214
342 162
266 221
250 73
194 230
13 91
27 249
123 341
308 382
221 216
9 352
246 346
78 56
304 325
122 60
360 308
118 158
296 278
96 274
28 188
341 29
283 21
290 150
199 41
34 360
277 345
32 24
279 360
169 345
73 359
13 333
72 196
74 314
164 279
296 44
282 341
273 338
325 178
271 204
72 158
144 194
207 271
294 322
386 347
369 366
115 234
163 134
120 248
104 117
79 108
87 41
72 249
383 88
71 87
122 385
233 202
16 206
7 263
340 249
323 343
360 393
0 321
232 31
309 26
55 27
228 174
157 23
312 301
44 168
189 49
365 357
6 280
110 230
393 209
28 200
124 359
174 3
74 380
59 17
134 74
210 313
348 341
105 192
3 244
22 57
238 222
92 132
17 175
378 167
187 263
251 142
358 141
318 53
283 26
27 122
138 378
294 234
153 189
74 36
267 281
297 34
54 188
235 296
259 55
182 63
124 156
122 201
2 224
173 23
71 332
140 275
87 293
247 389
33 14
150 393
269 221
206 200
386 286
5 273
7 27
104 123
95 142
190 196
392 249
351 98
333 285
109 88
188 152
156 21
322 381
37 171
180 219
108 124
142 11
67 300
90 216
351 76
171 232
115 241
326 201
61 264
95 344
195 46
335 111
350 70
71 299
67 99
203 75
165 253
164 202
89 169
330 57
253 24
263 128
200 302
121 150
382 137
272 258
78 341
311 374
227 133
344 214
23 222
379 5
389 305
221 253
228 32
344 285
155 56
241 290
97 345
159 371
252 149
29 228
214 8
359 296
302 112
309 194
181 114
78 331
377 328
154 315
372 45
14 319
383 25
371 220
132 308
14 159
227 257
320 210
380 239
346 61
179 43
48 386
231 389
204 329
9 1
286 325
144 50
271 371
79 224
291 199
335 247
360 153
329 203
348 323
187 304
59 206
332 358
64 171
383 372
332 381
211 246
370 205
82 78
135 331
116 12
255 286
234 5
102 223
193 187
347 393
347 27
12 316
348 270
274 36
321 260
317 200
362 383
370 249
19 318
180 116
90 301
261 138
392 120
27 196
319 287
326 357
99 102
260 94
257 55
61 179
118 166
52 318
155 87
271 191
160 139
256 110
70 363
101 308
50 266
219 38
286 228
31 228
389 312
373 49
125 10
337 14
383 224
91 134
22 246
359 48
69 390
121 358
91 83
323 369
155 38
72 122
35 109
258 172
262 332
369 382
392 372
269 248
170 116
225 310
147 213
236 88
29 356
181 142
227 390
127 167
328 74
292 233
361 79
316 303
32 375
367 305
209 54
362 51
377 107
288 346
43 118
187 376
161 312
11 66
386 290
270 143
306 11
306 3
217 203
357 95
145 380
324 145
378 340
193 366
264 82
45 139
306 342
277 48
184 133
19 72
32 132
236 370
173 138
136 378
55 164
149 94
377 61
316 83
276 20
330 145
240 333
172 28
162 298
301 152
361 247
358 10
146 346
120 95
189 111
282 141
299 333
300 84
167 262
249 135
317 106
258 359
3 394
201 9
296 16
128 120
184 335
99 70
214 81
366 198
376 362
64 1
277 126
45 269
201 292
306 101
158 355
311 67
388 213
108 2
293 45
125 270
25 132
231 125
147 238
121 324
275 165
225 148
197 38
77 367
253 179
40 361
7 123
226 304
188 290
50 258
6 113
294 281
296 124
105 215
28 393
181 38
23 54
392 19
231 160
273 116
350 39
6 203
87 199
60 287
196 338
190 297
141 102
184 17
21 207
36 193
98 145
19 369
291 75
264 181
209 41
186 61
23 83
153 260
242 131
360 242
127 363
212 62
215 3
132 47
335 325
25 1
33 354
247 40
315 331
259 134
101 121
100 95
139 198
365 98
59 78
264 141
41 187
237 138
90 87
366 263
3 381
302 4
78 353
120 212
273 274
311 60
270 291
160 14
186 256
29 373
12 345
385 126
32 255
179 170
195 237
3 380
34 193
26 10
168 250
249 169
240 47
227 115
326 192
10 166
1 330
342 100
135 291
66 176
329 88
150 256
240 358
341 40
167 226
25 386
164 166
219 282
157 298
40 139
95 287
294 197
243 65
269 383
339 67
250 169
133 219
382 149
212 18
92 34
362 134
328 136
193 168
362 143
270 244
257 214
255 152
271 144
134 124
306 182
245 147
91 178
393 79
49 308
139 299
169 27
283 72
280 117
71 217
379 340
175 343
300 306
179 187
372 342
80 191
186 3
146 113
94 23
100 237
170 255
57 318
299 360
55 318
233 369
257 222
199 355
191 264
328 61
278 258
106 34
41 222
111 78
302 141
3 229
357 367
93 189
112 134
366 137
51 258
130 214
271 129
67 265
106 234
176 277
332 155
261 203
359 351
239 29
304 188
107 243
362 295
140 237
310 7
64 51
165 23
91 167
194 273
341 23
381 6
390 369
149 221
20 285
324 362
318 156
313 223
149 55
346 248
43 15
78 212
149 48
55 140
47 369
104 264
172 342
382 337
3 345
90 269
147 263
301 308
79 21
67 255
317 289
394 93
273 82
92 378
27 53
199 209
88 248
55 342
214 58
152 202
340 215
70 189
274 165
5 107
282 172
91 182
10 90
335 304
217 52
157 189
112 386
386 104
56 19
211 180
106 187
67 358
121 195
263 12
345 72
33 234
179 207
112 351
301 15
315 111
325 361
220 113
358 123
22 158
259 46
223 40
99 85
354 394
99 241
253 164
83 111
162 331
257 192
230 183
162 245
113 329
206 387
215 69
232 120
235 170
271 95
81 381
108 20
132 109
303 244
259 373
364 71
84 225
204 1
65 72
9 94
168 347
232 1
175 249
267 271
279 89
123 390
343 65
130 82
143 0
133 237
38 346
278 340
221 307
164 311
154 35
318 76
102 74
93 22
129 54
143 94
82 72
372 290
156 1
59 203
255 181
15 61
249 141
310 271
23 115
34 369
251 99
1 188
213 148
274 63
107 61
9 362
232 290
299 129
109 383
260 232
390 355
49 329
76 145
118 104
279 94
129 196
102 80
295 153
42 392
244 65
368 50
355 300
243 102
179 31
88 354
262 337
347 390
363 264
32 90
216 243
201 130
221 225
119 126
103 344
125 89
99 312
22 316
26 305
31 40
336 349
103 369
25 323
247 368
154 72
259 18
381 224
206 335
344 61
176 309
126 43
86 104
175 314
148 310
198 83
384 293
281 142
113 349
164 174
286 20
319 340
337 139
188 16
18 254
159 62
285 276
248 186
386 0
18 341
15 320
300 13
137 178
121 15
36 347
70 251
71 320
210 236
338 283
93 92
223 168
248 33
182 174
14 93
19 219
214 343
2 328
99 299
341 284
61 306
185 363
170 282
300 77
18 230
23 180
303 171
335 76
294 85
98 178
59 355
334 39
364 38
323 358
277 248
160 54
54 360
289 173
129 117
341 62
232 289
201 10
151 389
349 191
194 157
292 356
188 186
379 264
62 176
22 317
389 356
109 314
290 111
279 177
43 98
219 203
360 348
32 299
328 178
96 217
185 164
64 57
143 128
54 312
146 193
260 102
361 280
44 0
65 61
366 37
261 19
162 169
91 284
253 290
209 124
302 367
15 262
215 159
101 210
307 245
293 166
339 311
159 51
90 346
377 345
176 266
97 120
381 309
150 246
276 80
386 152
121 148
298 34
26 30
145 369
237 98
235 189
228 11
134 267
317 223
6 292
53 62
0 132
78 322
61 88
247 350
287 188
55 76
296 132
335 7
356 177
178 140
60 15
214 394
113 381
382 353
372 345
95 29
255 281
141 371
390 311
385 3
229 124
353 281
358 40
142 267
373 353
12 35
35 355
381 277
75 34
59 140
343 283
153 286
157 293
320 263
134 170
81 330
248 10
124 72
363 43
327 104
139 90
181 378
97 17
328 363
57 181
105 259
90 360
42 108
147 114
163 14
63 389
47 21
139 258
306 195
379 126
189 256
169 331
315 392
134 123
12 295
84 107
247 150
125 102
141 185
146 44
258 297
23 352
262 346
142 235
38 198
374 26
235 85
119 125
269 55
239 188
80 221
296 201
365 196
209 188
360 3
172 210
219 36
314 291
216 369
285 114
327 179
164 10
112 19
42 85
144 83
280 178
244 80
274 347
131 362
46 28
154 235
322 75
139 373
13 336
48 161
208 237
134 347
199 70
100 191
299 163
111 228
152 165
84 327
231 318
168 326
70 4
68 172
21 344
88 376
331 25
218 70
209 356
230 297
206 67
297 51
365 89
64 185
209 42
103 155
346 321
66 58
385 361
11 40
394 297
189 37
363 315
136 267
217 251
221 171
260 299
222 342
61 276
147 139
121 259
122 25
65 139
241 308
292 18
119 178
135 130
70 57
125 177
54 39
116 288
217 297
290 363
374 356
298 90
114 66
267 228
393 289
15 201
126 336
327 108
129 250
297 201
366 82
119 271
359 71
34 342
252 83
258 178
388 118
287 10
240 172
110 102
8 0
46 96
226 315
184 134
217 178
4 317
255 10
192 355
240 211
228 335
200 142
362 299
20 68
218 326
136 78
287 286
55 59
241 21
39 26
239 2
128 96
135 51
327 328
238 342
190 192
190 128
381 268
198 63
371 131
98 34
239 208
44 306
324 28
364 157
352 161
2 257
122 98
56 83
137 98
92 80
248 126
317 155
125 249
92 4
272 240
69 330
21 152
360 319
183 324
152 33
128 257
29 364
199 76
53 275
318 20
174 333
144 369
39 323
12 19
135 382
317 141
117 272
308 243
312 47
126 226
198 232
393 322
203 133
18 274
98 10
145 329
373 284
335 188
366 138
138 60
149 141
132 248
156 134
390 317
5 252
165 61
188 379
14 176
74 110
349 261
91 275
30 182
85 384
122 309
250 249
101 326
244 341
55 379
146 92
275 177
104 103
64 243
73 326
139 149
346 383
221 362
67 378
127 330
195 152
350 183
48 80
152 111
161 313
244 217
109 274
207 342
270 112
135 372
195 70
69 58
73 390
181 74
351 174
59 56
330 187
370 227
175 153
68 387
85 341
322 387
127 280
121 105
47 226
344 373
294 286
378 51
160 11
152 237
305 282
46 91
216 323
125 136
381 133
362 165
54 94
236 273
206 119
312 9
85 385
102 327
10 56
100 336
173 341
316 354
324 39
127 28
180 90
103 336
67 140
33 177
130 45
153 266
163 253
345 210
145 222
74 327
239 229
373 283
301 337
360 24
340 377
355 104
143 272
357 0
260 317
274 213
274 367
28 8
329 305
220 344
328 168
240 38
347 235
365 189
234 121
389 12
201 43
206 249
212 24
229 388
5 277
256 321
171 10
366 211
321 133
352 381
243 261
373 364
131 117
183 84
18 364
324 107
181 384
371 138
85 215
288 28
270 234
56 312
228 99
123 86
275 21
350 279
155 352
174 121
127 116
116 135
286 147
46 143
205 377
40 32
376 39
124 37
96 88
196 234
269 11
358 306
335 122
88 79
279 221
319 248
226 73
100 386
281 276
105 282
198 296
355 241
220 202
198 382
168 133
61 220
215 226
158 383
164 136
149 59
183 302
229 240
274 97
59 207
386 72
229 392
120 246
356 47
242 286
24 256
371 168
343 42
250 362
95 50
252 174
148 270
221 348
2 204
309 62
183 308
348 195
8 300
99 58
196 215
214 332
134 35
98 288
377 318
239 265
86 51
87 26
199 68
99 73
198 21
265 106
229 150
62 32
14 192
300 47
262 149
151 287
174 324
1 158
42 194
254 376
341 248
44 104
159 335
381 149
78 104
137 369
167 282
359 153
30 256
15 66
31 223
389 97
181 211
284 316
220 176
111 31
226 46
372 294
202 383
89 383
324 2
313 335
289 56
139 233
286 108
134 230
271 275
269 115
104 167
174 166
336 318
255 390
362 335
234 47
88 339
167 140
10 200
212 143
68 91
258 142
150 273
57 261
339 287
73 32
192 264
322 218
232 312
142 221
310 251
0 147
343 78
117 165
99 375
347 208
263 20
185 160
57 241
328 222
97 125
316 306
178 239
255 147
167 78
315 373
250 184
385 332
387 183
165 36
172 227
220 42
175 145
277 94
66 348
220 67
84 375
351 99
105 45
105 377
319 300
86 291
236 112
49 77
312 375
144 152
176 238
220 200
25 247
310 277
202 204
301 128
376 392
361 131
173 22
213 118
227 170
244 175
186 314
30 380
231 53
67 233
57 373
267 97
319 10
373 15
48 348
81 49
251 238
301 331
69 294
97 19
331 244
103 100
139 177
98 81
187 326
353 127
325 119
301 295
391 16
221 147
354 113
126 198
215 386
296 42
138 149
120 149
173 127
34 268
314 262
56 238
297 302
15 372
28 213
17 66
191 26
43 159
326 95
358 375
289 73
98 250
306 303
160 235
362 151
327 273
6 118
12 209
181 259
280 242
349 233
216 336
56 161
39 270
322 140
105 29
104 178
235 269
257 186
69 284
132 393
120 250
374 152
161 137
222 170
181 282
318 4
299 346
140 146
43 229
36 261
43 249
70 364
352 147
193 338
301 253
314 126
109 384
281 212
248 323
4 357
210 84
359 156
107 394
316 17
142 197
174 369
79 84
384 196
110 29
316 173
345 191
122 222
342 270
194 117
235 353
212 176
242 305
44 67
164 106
33 386
261 213
392 341
246 94
148 209
282 356
46 24
134 261
71 28
289 100
203 195
124 174
162 121
80 106
188 280
150 272
332 182
63 341
44 114
240 150
303 212
182 2
44 69
124 82
327 61
271 0
219 15
197 114
24 102
315 81
98 105
162 102
384 31
294 127
135 188
32 328
67 209
351 62
214 360
108 215
314 125
165 315
119 52
314 215
233 329
100 22
178 332
228 150
81 136
1 340
258 91
235 72
151 184
245 356
16 300
188 317
317 322
5 41
176 343
84 234
390 105
299 297
276 308
196 95
118 292
252 359
125 328
29 204
259 115
318 243
234 138
119 277
26 290
379 237
2 161
308 361
370 79
389 143
346 361
348 280
29 304
172 156
231 277
121 331
13 115
22 123
241 198
265 214
75 202
95 387
13 121
310 132
46 317
331 292
359 233
325 164
100 365
375 138
149 73
363 64
295 118
279 99
237 238
242 355
303 32
165 244
78 233
290 59
155 301
3 171
48 273
159 231
335 331
71 25
244 329
10 29
61 51
220 253
280 251
9 47
112 58
253 346
202 375
0 74
318 159
370 230
22 6
381 1
371 186
4 205
173 235
221 194
353 256
37 232
263 355
357 280
392 111
4 359
254 125
251 212
391 56
253 350
352 133
227 65
270 365
40 99
150 234
171 28
140 321
279 217
231 384
155 203
370 218
58 388
74 234
208 50
1 227
26 198
39 72
110 104
117 8
321 225
348 44
304 179
361 320
199 102
250 89
112 115
128 269
11 190
84 258
249 143
40 26
61 49
197 75
346 165
198 300
87 101
237 113
262 7
354 31
164 269
206 365
276 44
1 179
229 230
285 0
110 217
245 278
253 21
193 237
103 324
355 306
234 319
324 250
339 167
385 197
87 38
261 257
58 373
22 24
392 275
188 261
313 248
351 111
387 128
16 210
111 239
31 269
85 240
376 334
173 62
292 186
149 291
27 19
14 343
368 112
67 1
292 61
109 173
187 133
3 166
91 350
311 307
262 203
333 341
322 204
110 210
44 5
348 315
219 328
122 91
271 325
80 291
394 156
202 284
224 282
191 16
26 32
109 252
176 324
68 243
268 253
224 182
252 75
233 249
343 109
385 371
329 137
345 269
36 336
141 70
11 121
84 162
163 325
378 91
117 257
359 99
105 25
170 366
236 186
87 297
120 314
266 175
290 250
278 348
41 132
62 31
176 92
163 252
271 208
85 120
332 57
292 57
274 282
40 176
154 107
377 56
381 348
238 353
370 392
372 341
243 191
203 73
155 119
215 65
391 381
22 163
238 161
186 269
11 231
197 153
24 40
66 1
371 126
166 64
149 4
340 195
125 371
96 269
241 218
361 221
376 215
18 240
365 212
101 95
248 231
290 185
92 147
42 316
275 33
348 261
106 347
157 78
198 247
91 204
159 271
266 75
97 113
141 182
53 80
165 77
221 228
121 73
124 374
345 82
171 378
51 73
69 149
204 52
229 232
72 151
56 154
315 110
75 59
284 174
177 180
185 253
58 353
300 284
213 245
55 220
306 392
285 359
128 6
209 222
10 277
192 211
208 196
92 17
147 178
316 351
266 222
191 372
152 221
3 189
358 382
162 186
214 372
147 94
201 373
105 354
308 167
104 176
97 287
10 259
345 350
214 166
133 346
369 106
133 199
260 359
213 59
234 212
49 66
343 121
368 275
255 278
341 136
134 122
272 274
389 180
365 190
61 33
94 314
4 77
36 381
341 214
111 1
4 362
315 74
346 224
13 387
130 261
100 87
228 187
287 190
179 319
78 386
272 153
273 184
136 329
115 147
187 207
92 249
318 175
311 133
208 369
3 70
164 292
173 152
291 304
35 249
37 300
307 315
129 133
367 179
100 331
285 385
33 365
126 271
172 112
103 153
264 372
48 41
98 361
306 310
15 387
62 275
376 160
15 247
155 315
336 235
252 33
314 388
220 261
107 46
216 153
222 282
353 68
122 108
285 299
354 116
282 279
145 376
363 66
218 63
342 127
2 159
4 303
69 120
171 88
297 97
7 365
134 366
219 339
367 284
120 170
254 215
349 222
59 359
389 55
110 146
234 135
264 165
86 150
153 341
315 14
7 154
19 46
192 41
338 394
49 137
247 97
43 189
248 393
68 59
118 121
286 327
239 5
250 218
344 274
275 193
164 203
13 206
214 194
313 77
79 227
70 169
145 64
119 161
282 295
263 78
112 86
8 140
10 369
229 50
185 46
226 352
247 118
254 77
16 354
64 394
373 308
237 63
343 38
381 156
329 208
276 264
288 41
8 364
219 309
104 1
85 169
334 236
146 293
266 84
52 261
22 362
257 0
135 187
309 394
105 79
294 91
38 104
134 87
179 244
316 79
61 181
324 348
23 295
273 296
127 43
314 38
0 34
236 319
287 8
125 319
293 235
354 165
331 328
231 219
275 269
363 33
95 263
181 88
316 158
58 48
249 149
192 33
342 374
310 373
24 41
116 29
240 257
247 62
365 353
162 374
17 134
238 149
332 255
281 148
191 389
347 337
213 131
235 323
307 264
326 11
274 9
18 121
391 60
307 266
313 134
15 304
58 166
149 205
255 141
60 77
175 384
185 116
254 378
234 182
272 30
10 145
258 146
213 107
247 125
218 25
66 19
68 329
63 42
286 41
2 385
315 337
140 199
289 105
278 270
17 195
26 277
6 299
190 360
59 35
339 4
287 3
278 56
2 177
101 202
16 374
66 230
78 129
205 133
231 309
315 77
116 317
82 165
166 286
13 340
162 138
70 245
322 39
233 223
139 214
304 316
146 317
6 343
346 192
26 336
276 229
375 315
362 52
292 111
171 392
129 374
345 95
255 334
142 345
320 292
313 345
287 13
65 258
33 329
127 34
110 130
367 198
66 174
240 382
68 327
281 9
195 204
327 98
140 95
121 273
44 96
53 301
98 85
364 236
234 18
165 170
292 128
333 14
205 302
321 333
16 52
136 166
11 116
64 179
214 173
121 206
196 79
273 87
44 149
118 31
379 328
158 26
149 40
376 240
323 110
376 12
112 18
149 302
198 71
64 143
210 257
40 287
189 5
280 207
384 27
330 52
16 103
68 60
329 210
319 6
151 354
192 310
143 241
305 70
25 140
293 345
308 222
286 100
159 352
385 269
147 74
384 179
177 223
148 198
45 52
249 220
180 217
216 101
290 164
6 309
296 280
183 252
161 256
339 372
37 320
204 264
45 114
106 30
183 149
301 72
105 23
306 70
152 103
254 93
177 387
362 145
89 237
129 324
346 320
7 291
187 33
327 292
35 323
218 134
236 280
38 273
149 143
371 36
277 135
357 185
80 202
66 137
192 118
260 114
208 357
239 205
224 63
329 159
255 18
24 187
25 106
276 290
302 184
65 83
91 25
281 46
318 338
85 258
391 160
310 381
313 102
383 7
138 353
86 93
164 65
0 2
184 287
295 31
25 48
132 337
214 120
83 205
64 81
338 19
338 328
29 199
9 188
377 265
11 267
350 51
148 380
252 288
99 214
13 7
182 389
273 52
283 29
201 119
366 269
373 78
223 14
43 227
278 288
265 162
95 168
328 278
183 27
50 202
137 119
69 335
225 185
256 87
109 75
66 373
327 280
371 103
201 378
239 339
34 293
108 169
240 205
290 390
45 174
16 214
192 259
48 71
33 134
336 194
196 392
220 350
242 42
268 238
206 288
206 372
228 149
188 112
16 153
233 170
69 249
247 229
114 370
209 371
171 134
101 168
347 24
293 363
271 61
79 75
134 92
242 322
360 244
186 167
212 118
83 210
138 71
246 248
78 132
36 12
1 389
348 94
354 85
103 250
98 321
136 130
249 142
339 98
2 110
1 166
195 310
148 298
350 68
74 153
294 45
150 227
351 120
185 112
231 16
268 102
178 148
250 280
139 340
381 197
25 156
129 202
77 34
12 366
134 50
193 83
103 138
242 141
249 100
161 304
224 160
224 370
246 86
357 96
252 206
140 79
232 268
74 105
54 48
50 31
231 375
188 386
195 361
203 67
67 380
96 54
313 180
257 301
30 165
53 302
198 304
360 378
9 378
30 315
245 331
39 85
381 327
125 236
280 51
384 11
89 231
141 201
130 292
267 224
340 197
346 141
211 287
151 245
302 187
336 273
193 219
274 154
271 350
3 117
217 281
379 387
128 84
51 290
141 146
356 321
288 204
271 200
98 308
384 91
67 22
259 270
123 248
14 42
102 171
282 223
278 124
245 96
112 363
136 307
309 384
346 241
330 313
372 354
240 168
42 15
184 216
270 80
313 323
253 171
370 190
337 305
148 117
4 376
209 296
219 323
76 307
223 208
93 279
289 333
295 144
108 339
139 97
176 67
173 249
362 54
136 64
33 119
92 284
75 153
113 128
106 208
258 206
260 191
188 159
244 319
309 37
305 81
311 217
220 254
150 282
55 95
143 10
34 324
194 118
31 334
96 181
210 293
44 345
259 38
296 341
125 106
374 273
242 146
314 348
208 177
332 110
393 44
259 47
251 197
32 79
222 294
357 162
66 342
144 345
313 283
332 37
103 334
120 320
44 79
252 123
355 289
25 44
101 140
40 207
51 332
195 15
140 183
102 255
219 384
113 109
246 235
362 386
341 221
105 352
74 290
111 297
298 78
110 169
142 113
143 345
373 320
112 334
153 387
127 124
105 345
110 159
23 367
297 86
293 221
196 260
149 190
138 338
134 339
282 388
31 388
119 16
218 188
118 128
130 247
136 79
86 201
72 153
45 263
109 172
185 143
248 130
374 46
52 316
322 334
213 178
348 372
104 267
197 45
169 330
116 176
170 84
70 0
160 72
265 40
96 175
75 377
262 279
353 215
153 9
135 80
130 346
30 25
20 329
36 376
80 272
316 236
305 352
289 202
141 202
27 101
288 394
369 80
166 47
331 233
224 211
184 190
347 365
377 278
190 150
224 59
77 81
247 387
146 64
18 174
112 339
359 82
178 172
364 277
224 168
74 206
382 86
34 36
167 320
72 341
98 24
332 205
211 280
368 303
345 390
303 342
286 263
336 343
282 99
82 371
24 58
121 390
179 186
95 235
213 219
163 35
28 235
324 364
231 41
23 373
135 245
282 361
301 221
51 78
311 137
329 41
132 268
40 290
169 389
175 143
68 159
175 104
249 182
181 116
66 12
120 75
261 247
295 130
250 142
335 248
139 102
392 100
146 337
176 374
4 45
247 139
225 12
340 71
102 293
316 193
52 34
258 328
68 207
22 99
371 356
14 320
2 263
359 382
100 54
290 114
218 334
122 184
376 188
210 36
94 115
249 200
306 225
330 59
347 61
245 101
317 150
174 358
144 360
143 177
215 153
140 151
112 180
77 260
54 77
183 67
59 38
353 5
329 290
376 271
201 386
348 107
111 167
45 221
243 256
167 233
152 185
140 280
372 138
387 157
147 211
158 243
253 192
85 189
42 153
113 52
92 240
368 103
200 45
247 93
390 300
363 125
127 36
166 110
163 153
334 44
181 299
329 125
325 172
257 336
321 144
114 165
274 216
63 150
117 232
112 53
276 238
93 108
28 255
315 276
327 76
273 165
298 248
48 78
82 319
32 147
145 227
162 267
265 209
333 327
219 61
235 208
235 271
310 341
153 278
274 135
293 256
196 298
2 191
254 249
266 7
98 326
133 97
280 355
120 266
381 82
346 287
140 307
147 77
280 43
229 60
21 356
335 54
141 231
55 139
157 136
186 295
314 323
316 170
127 392
35 288
302 263
315 384
231 335
91 221
295 284
294 26
27 219
127 243
43 218
266 93
275 80
95 65
18 334
138 291
120 141
170 131
117 49
259 16
15 290
21 78
136 278
266 246
384 337
223 110
297 71
285 30
284 112
30 142
29 253
380 349
166 245
43 81
83 18
301 29
156 145
244 182
374 224
264 323
90 15
336 134
101 48
79 37
359 10
222 229
263 145
313 224
337 36
92 384
128 388
335 143
201 163
118 284
138 148
372 104
168 59
135 54
364 280
301 239
382 360
327 129
89 278
316 252
94 376
54 224
122 204
265 187
112 333
252 59
124 38
123 49
42 279
272 308
44 97
95 269
169 183
56 25
211 212
260 345
35 89
13 197
103 280
339 189
255 283
78 183
22 94
16 278
79 271
372 57
263 271
120 152
197 374
53 111
336 256
54 227
42 230
182 283
22 125
287 338
203 1
344 301
360 171
282 188
112 11
106 370
135 236
61 127
268 166
340 192
158 320
278 329
208 386
348 24
247 223
102 166
64 48
235 216
341 331
141 372
354 360
349 128
88 60
315 75
24 141
367 358
222 214
19 226
172 132
362 339
392 313
257 292
159 129
254 200
387 275
212 13
335 265
4 62
239 50
377 239
75 16
198 34
319 272
157 358
62 360
13 100
382 278
11 185
139 356
226 196
271 137
219 370
341 69
305 382
79 16
40 126
207 123
141 392
36 92
123 345
151 328
378 74
201 198
192 11
280 146
164 276
325 308
101 137
142 23
104 385
372 291
281 365
44 268
106 245
161 339
169 322
240 111
318 256
60 355
356 285
341 82
387 302
248 127
16 367
36 52
388 357
220 292
231 76
261 190
75 93
66 127
327 66
180 293
388 239
376 284
91 245
61 312
240 316
304 186
266 218
285 102
14 87
343 11
129 131
85 306
297 251
339 151
232 363
114 281
23 335
199 112
47 315
384 307
294 296
365 72
212 56
216 174
172 121
203 122
391 114
148 372
387 71
10 239
127 351
231 236
83 84
81 387
222 88
281 198
148 75
186 262
342 269
163 265
357 111
36 281
116 37
204 164
211 117
334 173
364 7
196 297
368 132
12 142
349 301
26 184
4 90
205 358
266 294
65 290
372 257
211 325
28 78
64 82
357 275
24 369
226 262
343 221
392 94
231 256
34 312
192 111
47 283
149 348
150 356
182 34
210 250
120 53
216 91
388 203
389 222
8 189
107 321
191 184
186 246
50 186
139 184
288 174
95 304
364 126
29 28
77 337
209 79
15 109
129 385
2 26
337 130
8 79
248 327
357 85
383 378
369 331
137 227
193 140
250 181
372 108
71 1
116 231
88 157
48 296
3 315
31 255
138 189
206 58
289 233
82 209
226 70
267 89
293 212
48 85
8 60
364 150
350 90
289 389
104 325
55 306
191 166
309 160
89 391
360 139
292 174
330 82
318 43
308 377
333 183
160 267
32 31
65 208
240 36
232 342
93 173
352 208
126 240
149 258
115 204
167 296
300 125
69 15
80 168
279 77
69 324
49 213
232 109
71 250
250 144
268 181
266 359
84 357
391 146
373 76
254 158
323 239
316 134
257 352
146 301
34 150
229 111
111 212
65 345
299 286
150 232
340 370
208 245
273 304
118 54
382 355
355 205
94 380
189 347
209 236
8 325
109 162
160 354
188 354
150 196
249 66
341 375
68 357
275 118
242 122
179 271
93 206
280 282
361 169
243 11
42 102
307 25
217 136
91 344
386 18
162 83
161 105
48 207
134 238
230 215
7 115
393 378
277 213
194 360
393 69
100 70
87 367
304 19
131 255
289 12
236 175
126 270
154 378
207 82
5 82
276 53
275 329
169 334
251 242
372 367
51 353
337 225
343 300
207 278
169 14
206 247
245 300
113 96
376 112
240 21
295 294
279 121
327 45
0 318
167 243
237 289
205 331
251 186
292 48
34 148
233 84
167 182
336 233
256 125
286 312
84 174
218 98
230 363
22 73
201 350
269 42
275 191
268 6
382 143
241 11
60 353
361 141
318 353
364 224
236 311
165 15
383 274
334 78
366 95
8 124
394 267
278 228
232 359
143 70
236 353
71 174
217 307
149 71
38 225
172 350
264 85
167 391
349 337
314 76
98 32
38 377
378 224
69 131
63 266
349 93
189 324
70 116
306 123
102 134
306 245
9 72
282 189
34 332
2 320
181 349
158 5
239 98
329 128
158 217
339 154
192 166
222 6
136 209
222 51
118 183
5 223
204 247
377 173
286 31
146 347
255 300
343 256
119 45
266 87
104 303
167 340
78 49
301 47
234 117
331 30
258 14
216 58
97 312
76 349
218 187
339 38
61 23
34 44
56 50
203 35
133 147
155 131
122 357
63 129
128 188
256 214
221 71
365 317
277 194
30 11
8 43
376 305
74 119
372 297
224 23
78 109
376 75
196 98
104 263
209 166
303 181
300 357
152 324
34 181
53 29
319 133
308 91
136 51
338 326
298 320
242 208
168 157
46 51
60 37
195 357
146 101
135 173
1 365
159 261
21 295
335 382
118 75
42 71
129 31
129 341
116 250
184 62
227 198
260 301
280 58
322 222
220 193
111 77
246 154
179 202
116 355
77 84
328 365
82 161
346 252
350 227
20 313
121 27
206 299
108 232
60 264
372 97
218 271
41 360
228 133
368 163
381 371
213 114
161 329
5 316
14 152
353 120
243 283
120 186
84 189
212 68
131 204
125 178
104 171
186 312
196 252
77 24
94 244
159 270
131 252
248 75
104 306
154 163
175 82
40 216
318 162
284 182
233 218
384 134
228 214
190 343
298 82
183 334
271 58
21 300
160 50
200 191
52 225
289 26
135 201
12 300
187 92
281 97
279 28
184 23
323 291
280 248
346 13
283 114
302 224
277 387
208 341
304 79
261 23
234 157
209 290
303 261
8 93
194 288
296 224
206 98
4 84
382 290
198 146
67 367
18 133
144 270
88 218
148 279
304 13
254 293
103 211
235 291
178 34
20 69
238 352
4 392
21 33
81 169
233 215
374 133
388 20
227 301
76 99
116 252
327 351
319 298
162 187
81 184
66 277
261 10
20 65
289 245
254 191
233 68
29 313
59 115
197 288
128 382
137 198
133 77
358 280
321 147
47 205
87 338
221 304
330 80
168 267
309 252
66 357
164 140
217 330
319 293
294 300
78 76
10 216
54 120
40 74
374 4
141 245
13 19
48 228
106 315
140 16
171 302
219 247
367 267
269 211
18 219
372 296
150 11
194 161
91 381
109 243
199 103
297 182
154 390
91 307
391 74
271 189
194 8
258 331
347 79
225 354
352 287
358 78
304 25
75 68
159 31
26 49
224 231
194 262
343 17
290 44
346 46
314 375
17 7
315 324
137 281
86 233
92 366
96 315
360 326
239 248
121 376
204 214
81 51
216 344
63 323
272 151
376 200
105 217
313 375
298 351
168 271
298 360
180 182
122 232
359 101
148 167
6 323
211 33
66 69
255 154
371 136
267 35
78 360
383 296
248 27
231 210
88 11
212 166
319 137
370 263
61 105
210 277
104 74
47 55
329 232
32 60
45 311
323 118
340 153
180 162
184 281
6 289
256 137
373 154
392 191
33 385
291 363
286 358
315 100
142 159
384 54
31 14
387 57
72 314
180 194
204 159
249 394
347 304
267 359
14 145
34 273
125 144
328 121
383 5
214 114
142 43
153 355
51 278
383 130
229 282
113 11
137 17
243 201
222 199
158 98
368 11
117 66
228 327
364 309
23 216
231 294
262 261
138 120
285 13
291 214
370 157
317 300
61 362
203 333
285 214
341 263
298 325
135 58
378 388
41 37
224 185
59 243
12 150
390 296
316 217
206 23
300 330
223 136
147 277
136 338
51 190
39 243
222 172
57 13
362 270
90 69
209 167
133 188
29 353
23 110
24 374
214 169
11 55
106 299
233 390
375 318
365 184
79 150
110 390
277 64
77 272
86 164
131 354
174 381
96 63
379 241
327 394
341 112
90 166
64 302
147 261
184 385
82 62
345 352
151 202
252 290
119 229
320 162
79 17
333 91
385 24
90 109
195 110
270 263
250 315
283 318
181 41
11 172
126 144
150 363
62 156
83 349
207 293
214 272
114 106
345 18
210 89
375 194
195 349
127 374
248 178
204 206
362 49
340 392
350 217
7 392
377 97
230 115
378 153
30 299
359 292
167 151
167 237
11 375
10 270
393 106
38 310
132 345
123 185
203 49
138 129
143 93
124 313
167 25
6 193
287 105
26 5
36 15
9 259
85 227
294 4
327 83
56 179
214 127
249 62
200 90
217 199
304 388
36 295
133 80
384 299
270 30
377 94
124 128
315 224
11 309
342 87
221 281
47 67
377 84
199 362
166 119
26 128
379 297
218 276
91 120
132 85
311 391
29 134
305 105
122 81
234 276
115 8
377 378
158 156
394 44
267 346
281 14
334 119
41 89
43 329
68 63
129 364
16 385
201 106
292 177
76 18
217 241
261 18
4 240
115 322
127 166
60 162
303 360
106 44
391 109
11 139
229 19
309 142
49 342
328 63
271 251
227 361
68 275
305 111
290 176
256 48
344 59
57 12
26 383
88 321
250 124
133 17
322 124
179 69
99 51
124 26
320 116
101 10
33 163
318 376
9 155
7 320
272 388
237 190
141 381
193 160
74 284
114 146
324 247
227 368
380 32
287 291
392 130
281 340
61 117
322 367
321 35
203 151
23 234
367 386
250 278
253 55
276 95
151 201
78 6
106 188
187 145
186 350
287 226
206 104
303 394
173 216
131 195
146 62
161 394
139 359
41 258
361 189
54 180
75 298
232 390
262 216
328 161
382 228
14 308
382 296
380 77
260 109
128 89
159 48
174 29
72 197
279 280
297 32
155 357
34 62
139 341
92 107
143 304
186 90
388 144
220 7
120 76
96 198
170 250
347 207
125 66
16 276
269 195
77 42
255 239
336 32
262 208
132 299
321 120
22 314
293 217
347 203
19 350
6 134
98 3
193 84
365 375
129 95
321 274
60 306
137 47
376 133
392 148
221 347
376 74
144 115
222 250
298 11
139 384
275 47
11 338
317 94
68 312
64 303
56 153
20 60
326 361
65 283
240 83
164 9
51 390
221 104
24 356
60 193
220 339
318 228
213 89
173 176
143 38
391 176
47 200
391 355
142 22
12 45
226 25
238 260
325 29
33 218
179 192
276 278
64 157
156 341
15 33
242 311
114 84
196 59
83 170
248 215
330 44
299 3
77 216
228 199
287 34
174 162
332 289
172 326
116 169
31 307
266 318
0 320
61 294
257 75
151 157
14 12
147 130
338 109
9 177
340 198
153 52
304 376
242 371
252 269
312 69
159 3
390 270
297 22
270 307
84 256
110 7
350 26
147 116
3 286
76 6
60 350
189 90
235 284
23 141
312 369
43 237
170 346
366 65
163 200
354 91
297 180
23 298
334 289
91 27
105 103
223 219
225 297
9 11
306 20
383 83
351 245
234 374
14 28
170 357
371 64
6 43
59 4
238 114
275 361
327 123
203 184
344 4
204 301
112 292
132 243
37 305
29 346
286 344
60 141
244 9
140 139
46 350
68 80
94 42
283 93
249 38
363 267
165 386
89 164
214 104
220 158
163 287
388 291
256 178
129 150
279 284
327 278
394 39
366 235
369 205
358 241
191 377
14 249
149 345
372 311
296 85
114 95
383 247
230 162
114 126
182 6
144 12
119 180
226 394
288 344
277 274
21 255
225 251
73 174
98 86
287 295
303 120
251 208
305 363
391 274
169 390
19 82
192 189
269 355
382 26
353 107
11 320
209 69
58 204
361 172
107 380
259 385
60 109
348 223
245 191
2 231
16 262
61 18
59 281
246 340
383 167
10 51
139 153
343 260
205 329
382 114
358 156
350 115
334 142
8 63
153 50
274 350
51 31
88 134
69 10
304 361
214 317
285 268
115 167
151 385
298 272
123 305
48 13
21 394
56 75
2 202
155 286
235 234
244 274
297 209
210 354
31 251
2 53
365 4
312 131
349 61
13 220
49 299
69 80
205 74
149 352
284 169
148 311
264 114
175 321
135 23
91 29
277 149
330 372
33 390
191 194
336 51
227 319
139 46
219 86
282 292
390 144
1 128
222 314
287 275
384 107
83 278
371 70
361 203
208 99
164 26
79 199
153 393
100 267
244 171
94 69
101 136
156 108
246 390
356 184
94 249
83 81
330 157
214 216
197 231
388 148
320 89
80 126
109 152
261 341
310 237
2 39
159 143
92 316
324 171
303 376
30 235
29 164
152 18
178 64
149 298
234 315
179 390
142 312
19 153
228 75
161 9
97 11
156 217
207 225
239 345
18 273
292 36
102 393
128 243
299 182
31 332
75 106
285 28
298 334
124 261
194 93
79 6
306 313
322 63
156 215
192 120
60 75
151 67
189 222
75 17
80 12
374 140
390 149
110 164
142 220
4 103
72 170
77 121
364 6
280 392
209 274
63 81
344 44
207 126
154 73
343 220
266 394
246 289
179 178
283 227
151 97
59 291
4 322
108 243
271 188
40 140
168 308
119 29
379 310
369 39
128 339
134 157
384 238
81 107
95 42
32 126
336 0
283 320
343 320
111 75
218 41
364 339
283 133
162 69
65 262
340 321
200 300
96 144
152 97
151 303
308 317
142 240
142 186
392 255
355 370
251 246
376 51
139 333
74 5
323 88
76 252
394 357
41 277
332 23
181 106
73 322
149 107
319 308
340 183
248 222
256 329
363 391
116 308
176 274
355 368
34 176
89 20
298 350
203 295
120 183
172 72
318 334
230 377
269 354
37 349
194 308
96 139
136 13
242 323
349 296
365 352
245 316
96 62
344 71
15 391
46 110
313 295
337 362
96 19
55 291
326 251
290 113
67 289
63 45
8 356
186 22
265 365
358 70
79 371
378 6
327 168
294 55
63 382
143 303
1 277
312 198
369 85
72 168
287 29
180 271
353 91
256 234
41 271
19 34
118 290
157 349
120 102
275 116
7 339
275 93
147 288
92 89
28 267
152 168
58 77
199 320
323 166
190 16
60 370
169 176
66 379
288 117
107 0
184 109
170 355
390 118
6 24
292 34
218 186
345 37
268 101
164 155
47 217
190 107
268 286
278 289
88 92
374 135
318 265
294 148
60 171
175 292
292 71
133 224
316 131
304 320
347 19
46 50
340 170
132 112
378 124
49 346
328 346
383 170
262 129
32 106
269 97
67 120
129 185
166 93
321 217
129 349
294 66
244 54
356 317
295 75
38 295
14 129
179 310
186 381
262 388
167 245
142 268
166 217
110 382
208 256
315 164
28 286
56 298
196 25
7 103
95 84
235 92
216 346
292 32
64 334
281 98
210 120
134 254
256 238
232 76
138 186
110 370
125 143
91 273
29 265
71 59
293 197
346 155
194 251
334 287
116 296
67 76
112 394
394 23
181 158
277 321
109 375
307 169
296 123
351 16
152 242
70 327
33 43
76 290
34 237
214 205
165 391
110 383
3 301
23 376
206 193
355 375
307 41
112 238
58 102
95 174
283 284
305 34
284 187
354 86
19 344
39 97
389 189
82 67
45 238
146 360
45 23
239 230
7 76
56 218
147 78
132 217
35 213
16 361
377 91
380 61
113 339
31 148
244 131
88 365
183 151
173 233
216 276
38 56
255 103
322 276
297 148
125 103
364 158
341 367
231 315
289 177
346 309
132 313
238 170
223 28
233 242
193 126
267 343
301 368
329 75
150 102
381 58
199 54
388 47
255 268
277 268
265 390
313 274
51 63
2 386
83 37
264 47
375 101
87 389
239 68
33 27
351 108
391 177
11 301
21 381
171 207
198 118
182 94
335 183
64 307
181 141
160 9
145 92
369 242
152 306
55 373
330 200
341 124
72 34
234 3
380 356
162 189
184 355
228 282
168 47
21 318
174 40
78 219
217 84
322 195
293 59
92 221
292 371
83 219
355 22
101 134
260 337
255 92
333 218
305 353
112 228
214 105
174 152
294 277
49 29
81 220
35 102
9 170
111 3
202 385
362 115
20 12
102 123
216 3
155 66
379 335
382 392
137 109
100 227
240 97
46 164
347 205
173 25
341 66
26 391
189 38
14 76
385 289
286 284
210 1
236 77
194 331
119 270
264 169
308 279
394 250
72 112
46 73
352 270
353 225
118 393
1 274
77 12
262 283
335 58
268 220
361 104
0 99
390 380
291 152
164 11
384 180
343 27
344 196
242 181
297 50
140 102
51 223
70 201
65 321
1 86
181 48
233 363
103 269
266 290
167 218
4 125
48 378
305 113
19 117
84 295
277 143
140 68
259 237
204 8
281 80
56 198
205 26
84 344
94 216
83 319
117 23
188 391
326 115
265 143
35 37
317 384
345 254
127 100
107 373
80 208
62 22
97 12
347 153
157 255
156 365
209 262
341 172
393 317
387 117
213 259
175 240
391 6
264 89
360 291
363 340
271 154
317 93
296 264
290 292
112 265
6 109
48 197
305 225
354 337
366 174
290 291
125 241
127 6
61 345
127 139
340 361
91 103
52 165
357 32
56 374
301 306
385 320
343 366
310 209
298 191
33 186
134 360
71 228
68 217
344 99
319 129
348 220
183 21
269 314
317 251
107 383
368 237
210 347
313 212
54 138
105 107
157 115
218 352
40 91
238 50
31 302
248 105
153 305
150 41
324 164
265 325
93 382
389 2
378 325
50 25
108 21
22 270
107 342
384 237
230 10
284 126
125 3
348 60
188 336
70 114
371 219
219 152
175 344
86 282
244 214
242 314
216 93
160 123
166 354
166 230
64 335
4 266
387 106
325 305
10 290
332 49
232 253
21 46
46 11
281 362
111 380
360 284
29 274
14 135
343 28
270 277
335 393
326 249
285 58
294 106
183 177
219 382
309 325
44 9
192 385
16 189
144 134
54 153
287 116
243 146
148 246
43 253
29 108
50 372
152 127
321 10
173 125
301 394
104 315
220 204
92 392
100 211
385 217
127 227
253 224
87 379
159 368
300 66
81 309
10 44
339 165
142 335
314 329
78 126
375 128
93 369
394 145
335 271
105 315
282 104
389 18
172 349
243 73
250 311
361 260
279 270
14 363
116 166
263 267
302 248
135 38
67 343
26 221
139 327
134 274
88 341
297 263
13 0
326 133
363 32
171 255
82 95
170 180
381 110
19 204
183 229
295 329
336 380
366 329
387 331
196 114
349 293
29 382
284 248
7 299
48 21
91 17
323 310
97 134
314 166
273 107
287 100
304 155
36 14
166 21
142 99
162 348
330 324
307 312
211 227
264 35
311 169
63 345
224 260
250 88
331 357
243 134
236 184
101 238
231 285
298 120
319 366
394 118
166 138
311 205
63 194
78 244
319 145
138 57
125 251
365 384
251 391
179 346
245 268
324 391
177 7
9 123
42 222
39 99
257 390
346 190
144 74
346 276
273 372
308 303
370 37
353 122
336 168
163 344
14 121
297 117
333 198
252 159
389 27
257 52
274 50
130 5
328 34
126 278
180 169
262 10
265 201
341 209
148 248
193 233
183 57
358 24
182 154
151 115
167 304
34 13
35 13
109 257
87 237
326 308
327 231
150 123
50 130
31 282
40 69
61 195
144 380
230 142
72 336
232 86
61 314
216 47
2 118
79 99
317 154
153 38
334 172
367 190
299 93
301 311
43 254
318 165
377 174
50 81
49 14
121 394
195 96
315 79
394 13
56 332
186 331
57 95
27 191
285 215
95 145
390 120
375 104
326 213
355 201
362 48
71 126
10 3
232 121
48 135
333 248
71 271
238 83
16 180
385 367
284 24
154 38
296 139
331 72
182 320
366 290
42 271
253 99
13 219
31 5
151 168
127 275
195 19
50 351
327 191
303 102
150 66
382 115
125 105
142 46
297 36
384 220
323 319
1 268
65 249
180 334
299 100
314 177
375 268
197 208
327 167
321 391
86 130
285 366
248 108
130 145
325 158
316 112
369 133
64 111
292 293
270 232
40 85
363 103
378 96
253 86
385 213
243 230
223 319
198 215
269 360
344 191
320 260
26 150
76 107
132 23
334 390
287 315
121 169
30 314
368 239
124 277
276 191
30 94
282 243
58 312
311 39
309 157
56 192
225 270
193 148
236 11
205 326
126 194
283 301
37 223
346 305
380 222
142 315
381 369
29 37
86 161
26 115
4 280
262 105
81 3
372 178
393 387
51 156
349 197
207 89
39 160
233 104
240 80
298 336
141 343
261 244
262 58
97 282
133 299
87 219
208 89
262 372
394 274
55 387
188 22
71 107
132 376
203 186
46 200
42 315
44 351
164 126
44 65
57 73
307 291
350 199
193 31
388 370
40 227
65 196
175 361
14 68
63 84
85 157
317 36
311 135
309 266
367 389
54 22
255 126
313 135
215 251
227 329
307 117
33 58
232 284
164 291
271 390
298 373
68 351
92 335
68 130
329 285
393 18
211 317
369 22
115 298
319 132
101 148
364 60
337 17
303 15
8 346
276 358
16 223
243 319
325 162
111 15
253 218
94 232
180 372
123 112
215 290
370 86
335 257
127 183
345 209
26 114
212 343
87 205
224 134
194 302
241 126
86 308
341 245
175 391
72 27
15 173
286 291
188 295
275 76
211 38
231 317
262 175
382 269
46 257
290 311
259 193
352 61
238 318
221 120
261 149
26 146
182 69
217 253
259 71
268 352
288 187
383 232
4 168
164 69
328 349
2 162
165 220
44 332
58 228
392 380
270 212
17 72
270 120
197 168
247 237
378 139
76 210
320 251
160 214
215 155
306 81
47 53
96 30
21 367
358 356
105 239
78 344
0 67
81 172
347 7
327 322
38 196
177 29
196 358
315 283
175 345
96 106
109 310
96 5
105 381
98 171
161 187
118 224
176 149
23 36
271 143
381 273
155 36
263 181
285 290
294 216
86 351
385 357
197 264
79 111
180 185
142 227
70 276
313 388
318 202
32 193
63 41
190 386
79 55
119 68
86 329
2 382
159 212
13 363
158 147
202 46
96 206
91 260
136 247
259 69
197 269
267 107
390 79
81 373
289 341
32 75
378 357
382 242
147 33
86 345
218 221
229 120
44 241
201 222
199 2
204 337
320 266
226 282
159 29
237 267
47 285
390 356
169 132
370 182
257 368
336 369
208 72
357 31
259 118
345 278
113 20
321 361
291 145
162 26
295 107
105 251
101 358
300 120
52 129
291 191
373 234
145 110
160 105
315 149
152 73
198 1
109 273
255 179
295 337
62 58
371 178
262 8
260 382
56 72
198 66
146 69
317 372
28 219
145 43
173 281
381 384
299 159
323 71
197 66
362 292
257 259
113 364
230 72
55 223
201 177
23 189
254 150
327 329
33 264
301 393
0 152
17 298
254 113
313 76
119 151
185 212
269 3
28 100
328 228
100 119
269 137
145 22
226 142
278 314
300 352
31 326
179 391
186 36
239 174
288 284
2 185
114 22
47 48
137 377
358 285
113 224
178 214
29 127
151 138
47 58
245 315
48 177
278 46
13 162
210 38
323 378
303 281
253 169
215 332
255 109
27 367
68 164
126 245
117 386
44 277
376 125
302 161
230 148
163 263
281 113
5 109
391 345
122 341
352 31
335 158
223 327
147 79
41 344
391 105
368 118
163 317
264 344
314 160
192 224
20 153
278 195
160 76
245 32
316 141
348 204
16 112
228 252
232 173
103 72
389 211
14 303
16 251
337 316
96 13
120 359
228 212
215 6
80 383
25 70
360 380
296 12
278 214
242 121
305 17
79 121
12 132
106 275
306 251
376 249
258 169
113 393
68 320
60 340
175 136
253 254
74 89
376 156
197 366
85 131
356 162
158 81
311 336
124 117
202 388
245 158
234 146
232 263
249 201
101 22
179 153
143 330
272 373
48 221
260 203
25 32
259 285
28 319
315 302
308 104
308 63
87 206
124 158
322 0
227 52
264 155
144 217
264 4
20 223
127 156
383 252
358 144
3 115
376 352
328 46
55 312
290 131
233 121
235 391
70 53
338 58
114 57
368 5
217 87
200 67
196 351
344 281
30 362
367 330
339 316
236 285
22 92
184 37
171 210
379 11
141 219
340 375
347 30
146 104
202 1
64 60
25 210
119 372
330 37
126 327
390 47
281 131
369 335
42 34
13 259
96 307
117 47
140 243
154 259
235 211
22 97
175 215
321 228
276 277
288 146
78 203
345 393
275 198
380 142
286 70
242 13
181 185
232 140
83 254
280 262
294 0
312 379
51 186
185 159
276 349
271 290
268 266
11 283
45 44
350 380
287 322
177 61
318 105
185 281
169 185
42 145
169 12
1 127
367 238
242 35
140 245
125 216
121 295
55 383
90 256
148 4
344 23
143 136
145 360
262 273
324 134
141 148
139 182
209 126
138 191
176 270
186 394
322 283
42 383
351 244
102 381
93 64
392 38
37 255
156 157
29 179
136 190
230 361
267 212
27 37
251 199
303 37
192 271
316 165
368 356
114 252
44 252
394 220
39 241
51 305
111 385
32 179
353 123
295 26
60 117
246 195
98 41
142 242
270 47
146 393
373 87
284 89
77 241
176 217
203 279
274 15
205 179
351 238
283 364
383 126
76 234
294 118
362 66
350 358
336 111
337 13
196 209
220 377
212 274
273 355
171 338
145 6
392 357
219 77
359 275
86 259
73 172
267 222
214 355
85 159
325 151
53 340
3 31
164 224
280 88
1 172
219 73
141 247
160 121
335 285
169 373
21 24
127 258
375 290
202 6
26 138
278 263
261 384
128 169
119 69
333 317
253 356
69 102
199 196
142 228
150 189
164 274
342 69
362 117
332 131
345 156
282 232
79 200
205 310
79 58
216 155
325 63
45 289
115 160
205 122
155 20
211 9
137 310
87 240
318 224
105 181
57 105
345 80
13 40
337 164
342 116
306 141
288 82
81 262
136 199
254 100
213 295
145 316
17 391
301 384
67 134
3 38
157 252
352 315
63 4
124 256
296 262
142 252
345 176
248 81
327 224
353 341
154 156
83 363
202 323
211 276
376 62
87 230
369 367
158 392
217 175
154 39
308 278
298 380
3 350
36 163
177 232
98 215
314 363
360 394
62 383
347 63
274 276
3 343
200 362
204 139
39 253
129 90
130 114
125 262
185 37
24 372
164 115
316 167
191 239
76 94
337 215
329 345
349 146
369 349
275 163
235 164
55 50
139 237
331 355
214 340
345 327
246 41
130 263
279 302
175 373
177 276
351 101
292 51
125 118
123 151
272 273
292 279
190 296
388 57
385 266
95 187
390 279
136 182
168 0
163 137
44 214
60 257
5 135
65 160
136 233
20 74
198 14
344 168
291 109
66 121
237 68
174 290
330 275
22 264
140 173
285 205
333 44
372 47
78 300
168 307
243 103
169 179
108 318
187 86
154 152
374 75
324 168
15 68
125 394
120 188
259 173
126 153
97 299
393 141
274 230
240 14
240 348
318 95
188 337
29 7
258 386
146 240
203 100
158 186
79 72
216 66
333 26
184 372
56 358
387 84
285 6
358 225
294 359
179 221
52 25
275 54
382 193
389 74
167 188
204 48
260 138
313 379
78 169
228 330
155 16
265 241
90 164
137 332
354 49
261 127
203 374
214 174
56 255
288 104
218 72
65 101
163 10
317 222
116 203
278 121
235 209
198 177
8 123
226 175
54 146
181 136
392 347
44 325
57 96
39 82
247 230
264 147
102 93
323 268
391 194
241 321
14 153
74 163
16 195
182 394
353 109
345 247
273 329
318 138
270 55
181 85
183 192
89 183
152 43
108 221
229 254
65 317
391 8
27 65
343 274
377 170
328 67
278 110
40 231
77 124
75 349
293 158
185 163
171 137
358 5
361 319
190 21
203 296
56 98
373 313
257 353
324 328
211 133
219 170
374 377
87 343
369 159
134 41
305 42
259 2
359 297
163 176
150 281
149 165
187 181
143 89
113 228
291 207
327 243
209 26
35 302
349 264
357 158
355 112
222 295
261 163
237 132
350 336
289 295
349 137
26 120
239 246
272 39
238 8
213 236
47 261
6 83
60 288
256 354
381 18
193 23
360 202
264 128
333 269
178 335
9 163
345 96
149 351
266 345
390 99
23 38
122 19
192 4
375 54
119 177
291 130
68 154
108 138
110 358
87 149
78 128
23 380
353 41
206 319
346 21
215 26
126 148
200 38
63 251
374 192
218 198
192 350
72 54
308 286
97 117
350 252
288 374
347 26
68 107
38 144
376 5
160 288
86 39
157 33
18 13
18 1
313 251
52 376
366 200
368 78
100 176
377 46
7 321
152 138
306 322
196 206
271 50
40 19
157 241
272 325
391 315
283 348
109 282
83 87
278 341
121 61
262 109
5 61
275 145
138 106
12 363
63 2
254 209
234 355
147 64
370 115
76 372
25 238
111 183
390 122
332 379
304 61
263 223
54 36
15 97
220 115
205 116
167 192
329 180
38 61
132 302
118 356
4 204
116 17
286 132
369 322
189 152
202 331
221 143
303 158
209 180
231 314
116 5
307 296
1 319
178 22
289 375
282 156
3 109
262 136
75 90
244 225
369 318
5 297
155 241
19 55
144 172
34 316
138 213
283 377
296 238
46 108
83 128
112 32
337 360
111 379
24 138
209 226
363 40
223 103
183 240
378 386
38 360
44 31
181 36
276 295
308 134
352 246
194 102
258 103
281 349
330 327
155 196
271 320
141 268
349 112
291 215
76 365
229 234
148 6
154 374
8 176
207 194
181 164
165 376
314 194
185 26
187 31
300 41
216 167
120 96
351 56
346 313
95 162
362 170
68 108
127 73
376 180
288 165
195 156
53 71
245 345
80 23
346 379
108 14
349 284
39 130
366 89
73 100
110 353
240 199
297 264
47 124
362 64
2 376
250 114
304 286
94 342
91 339
203 394
187 4
226 50
275 285
278 174
278 72
367 199
297 345
72 270
104 6
87 158
281 348
36 319
126 294
292 109
339 327
125 164
52 265
51 124
269 179
152 5
113 34
8 208
347 14
122 126
245 220
28 116
91 281
123 336
294 389
246 300
393 195
330 68
58 203
288 15
55 120
157 80
244 287
286 169
278 283
317 126
51 0
378 265
93 164
297 335
153 21
269 265
43 31
55 24
253 100
39 365
60 165
91 257
202 194
339 57
178 278
6 15
90 167
217 278
130 193
9 42
141 134
164 128
273 252
9 328
214 303
148 247
253 303
199 185
47 198
230 275
247 51
50 157
271 107
3 261
81 119
176 109
185 273
219 197
305 132
283 101
160 279
86 298
213 180
286 4
287 65
230 208
165 198
127 8
245 68
52 240
376 183
206 33
191 189
208 340
314 294
394 257
338 284
22 249
39 186
16 158
194 393
238 243
355 16
330 213
375 192
18 113
81 332
8 322
168 71
68 124
198 179
89 220
51 285
106 82
352 258
210 126
394 0
262 122
325 276
320 58
188 19
285 228
274 101
194 223
333 389
129 261
54 382
180 122
211 22
166 32
301 226
264 23
158 381
382 150
164 348
205 381
147 234
170 104
93 358
242 17
237 79
132 249
48 311
324 119
303 237
148 119
304 292
394 381
350 145
345 353
75 210
178 226
85 362
192 377
28 176
271 205
390 352
191 88
366 24
51 19
119 188
22 352
306 179
245 179
63 145
298 83
156 32
44 278
40 160
350 191
270 7
176 175
26 302
231 226
62 269
236 24
125 72
112 144
131 28
88 142
121 62
232 23
345 305
221 38
155 42
241 330
344 294
353 168
7 279
114 162
237 282
175 85
107 367
313 372
165 98
305 292
192 113
112 36
65 78
231 246
19 26
65 48
175 99
35 173
292 38
122 381
198 269
17 386
236 85
367 235
72 157
342 44
204 134
44 353
43 155
195 135
117 99
52 346
219 250
124 70
153 184
101 367
74 251
375 46
250 360
270 20
376 58
279 171
386 194
101 317
388 45
238 344
27 175
362 118
214 176
213 152
254 359
86 67
86 171
171 362
149 91
36 174
356 188
80 9
37 120
146 23
86 102
107 349
34 174
295 240
28 349
242 167
392 287

0 0
