15 45
1 9 369 L
1 8 872 S
2 7 454 L
1 13 113 S
5 15 418 S
4 9 249 L
3 13 962 S
7 13 307 S
12 13 699 S
2 9 911 L
14 15 98 S
3 10 841 L
5 7 215 L
3 12 739 S
2 4 103 S
2 9 358 S
5 15 546 L
8 11 126 L
4 10 42 S
3 5 538 L
10 11 604 L
12 13 332 L
13 15 33 L
2 11 705 L
9 15 879 L
10 13 37 L
6 13 835 L
1 12 25 L
7 9 902 L
4 12 233 S
2 5 165 L
1 13 463 L
7 15 696 L
12 15 1 L
2 13 990 L
4 11 234 L
6 9 541 S
2 4 257 L
3 6 233 S
8 9 881 S
7 10 88 L
8 14 569 S
1 11 78 S
1 3 90 S
9 11 139 S
4
15 12 5 10
0 0


3 5 538 L
13 15 33 L
10 13 37 L
1 12 25 L
4 12 233 S
2 5 165 L
12 15 1 L
4 11 234 L
6 9 541 S
2 4 257 L
3 6 233 S
7 10 88 L
8 14 569 S
1 11 78 S
1 3 90 S
9 11 139 S
4
15 12 5 10
0 0



15 - 12 - 

12 - 1 - 13

13 - 15 - 1 - 12


5 - 2 - 4 - 12

10 - 13(37)

15 - 12(1) - 5 (374) - 10 (303) = 678


14 31
9 11 697 S
10 13 251 S
4 12 511 S
1 9 887 L
7 11 698 S
1 8 646 S
10 14 310 S
6 11 32 S
9 11 498 L
2 4 303 S
6 12 614 S
2 11 66 S
11 14 853 L
5 14 4 S
4 14 516 S
11 13 873 L
2 3 520 S
8 10 453 S
3 13 3 L
10 14 596 L
8 13 194 S
4 6 464 L
6 13 545 L
5 6 870 L
5 9 376 S
5 11 91 L
7 11 275 L
2 10 714 S
7 14 610 L
5 10 494 S
3 6 582 L
3
3 4 3
0 0


3 3
1 2 5 L
1 2 7 S
2 3 11 S
3
1 2 3
5 5
1 2 15 L
2 3 10 L
4 5 7 L
1 3 30 S
3 4 100 S
5
1 3 5 4 1
0 0
